600.7662835249041  1622.3644720064704
695.7854406130268  1049.2126493482099
796.9348659003831  705.7370299806694
896.551724137931  483.9062828178732
1002.2988505747127  358.71590725256465
1095.7854406130268  265.59803789534493
1196.934865900383  189.32777629023445
1298.0842911877394  154.53517029677147
1394.6360153256705  114.45383488121601
1497.318007662835  88.16529384260029
1598.4674329501918  64.07527699351017
1701.1494252873563  53.32995881229578
1797.7011494252874  43.510198900549824
1895.7854406130273  32.859567063227615
1992.337164750958  25.791401056992395

