602.2988505747126  185.79599586521124
701.9157088122604  122.55978286693728
798.4674329501916  84.01127021587854
899.6168582375478  58.73860950299617
999.2337164750958  43.51665070924412
1100.3831417624522  30.42576961781789
1203.065134099617  22.115603702667823
1302.6819923371647  17.363636434413063
1397.7011494252874  13.365525123375432
1500.3831417624524  10.295639731827343
1598.4674329501918  7.927339667670188
1701.1494252873563  6.22584263227318
1797.7011494252874  5.079464850276093
1901.9157088122606  3.8383652797862755
1995.4022988505749  3.0118310946246685

