mass result channel_or_id theo_cross_section ratio observed_limit width_to_mass_ratio
600.0 0 15 0.8745 9.84766246109357 0.08880279999999999 0.05
600.5 0 15 0.8728250000000001 9.853704674595466 0.08857836000000001 0.05
601.0 0 15 0.8711500000000001 9.859777585420092 0.08835392 0.05
601.5 0 15 0.8694750000000001 9.86588142809875 0.08812948 0.05
602.0 0 15 0.8678 9.872016439557958 0.08790504 0.05
602.5 0 15 0.866125 9.878182859150144 0.0876806 0.05
603.0 0 15 0.86445 9.884380928684726 0.08745616000000002 0.05
603.5 0 15 0.8627750000000001 9.890610892459762 0.08723172 0.05
604.0 0 15 0.8611000000000001 9.89687299729402 0.08700728 0.05
604.5 0 15 0.8594250000000001 9.90316749255959 0.08678284 0.05
605.0 0 15 0.85775 9.909494630214976 0.08655840000000001 0.05
605.5 0 15 0.856075 9.915854664838726 0.08633396000000002 0.05
606.0 0 15 0.8544 9.922247853663567 0.08610952000000001 0.05
606.5 0 15 0.8527250000000001 9.928674456611091 0.08588508 0.05
607.0 0 15 0.8510500000000001 9.935134736326978 0.08566064 0.05
607.5 0 15 0.8493750000000001 9.941628958216775 0.08543620000000002 0.05
608.0 0 15 0.8477 9.948157390482253 0.08521176 0.05
608.5 0 15 0.846025 9.954720304158315 0.08498732 0.05
609.0 0 15 0.84435 9.961317973150512 0.08476287999999998 0.05
609.5 0 15 0.8426750000000001 9.967950674273148 0.08453843999999999 0.05
610.0 0 15 0.8410000000000001 9.974618687287995 0.08431400000000001 0.05
610.5 0 15 0.8393250000000001 9.981322294943629 0.08408956000000001 0.05
611.0 0 15 0.83765 9.988061783015395 0.08386511999999999 0.05
611.5 0 15 0.835975 9.994837440346013 0.08364068000000001 0.05
612.0 0 15 0.8343 10.001649558886855 0.08341623999999999 0.05
612.5 0 15 0.8326250000000001 10.008498433739863 0.08319180000000001 0.05
613.0 0 15 0.8309500000000001 10.01538436320018 0.08296735999999999 0.05
613.5 0 15 0.8292750000000001 10.022307648799439 0.08274292 0.05
614.0 0 15 0.8276000000000001 10.029268595349794 0.08251848 0.05
614.5 0 15 0.825925 10.036267510988646 0.08229404 0.05
615.0 0 15 0.82425 10.043304707224111 0.0820696 0.05
615.5 0 15 0.8225750000000001 10.050380498981248 0.08184516 0.05
616.0 0 15 0.8209000000000001 10.057495204649015 0.08162072000000001 0.05
616.5 0 15 0.8192250000000001 10.064649146128055 0.08139628 0.05
617.0 0 15 0.8175500000000001 10.071842648879217 0.08117184000000001 0.05
617.5 0 15 0.815875 10.079076041972936 0.0809474 0.05
618.0 0 15 0.8142 10.086349658139394 0.08072296 0.05
618.5 0 15 0.812525 10.093663833819553 0.08049852 0.05
619.0 0 15 0.8108500000000001 10.101018909217023 0.08027408000000001 0.05
619.5 0 15 0.8091750000000001 10.10841522835081 0.08004964 0.05
620.0 0 15 0.8075000000000001 10.115853139108953 0.07982520000000001 0.05
620.5 0 15 0.805825 10.123332993303078 0.07960076 0.05
621.0 0 15 0.80415 10.13085514672386 0.07937632 0.05
621.5 0 15 0.802475 10.138419959197432 0.07915188000000001 0.05
622.0 0 15 0.8008000000000001 10.146027794642777 0.07892744 0.05
622.5 0 15 0.7991250000000001 10.15367902113007 0.07870300000000002 0.05
623.0 0 15 0.7974500000000001 10.161374010940058 0.07847856 0.05
623.5 0 15 0.7957750000000001 10.169113140624416 0.07825412000000002 0.05
624.0 0 15 0.7941 10.176896791067193 0.07802968 0.05
624.5 0 15 0.792425 10.184725347547285 0.07780524000000001 0.05
625.0 0 15 0.7907500000000001 10.192599199802013 0.0775808 0.05
625.5 0 15 0.7890750000000001 10.188827118700795 0.077445126 0.05
626.0 0 15 0.7874000000000001 10.185041797993861 0.077309452 0.05
626.5 0 15 0.785725 10.181243167854243 0.07717377799999998 0.05
627.0 0 15 0.78405 10.177431157963076 0.07703810400000001 0.05
627.5 0 15 0.782375 10.173605697505266 0.07690243000000001 0.05
628.0 0 15 0.7807000000000001 10.16976671516509 0.076766756 0.05
628.5 0 15 0.7790250000000001 10.165914139121774 0.07663108199999999 0.05
629.0 0 15 0.7773500000000001 10.16204789704501 0.076495408 0.05
629.5 0 15 0.7756750000000001 10.158167916090438 0.076359734 0.05
630.0 0 15 0.774 10.154274122895053 0.07622406000000001 0.05
630.5 0 15 0.772325 10.15036644357261 0.07608838600000001 0.05
631.0 0 15 0.7706500000000001 10.146444803708919 0.075952712 0.05
631.5 0 15 0.7689750000000001 10.142509128357139 0.075817038 0.05
632.0 0 15 0.7673000000000001 10.138559342033002 0.075681364 0.05
632.5 0 15 0.7656250000000001 10.134595368709984 0.07554569 0.05
633.0 0 15 0.76395 10.130617131814425 0.07541001600000001 0.05
633.5 0 15 0.762275 10.126624554220612 0.07527434200000001 0.05
634.0 0 15 0.7606 10.122617558245775 0.075138668 0.05
634.5 0 15 0.7589250000000001 10.11859606564506 0.075002994 0.05
635.0 0 15 0.7572500000000001 10.114559997606433 0.07486732 0.05
635.5 0 15 0.7555750000000001 10.110509274745535 0.07473164600000001 0.05
636.0 0 15 0.7539 10.106443817100471 0.07459597200000001 0.05
636.5 0 15 0.752225 10.102363544126561 0.07446029800000002 0.05
637.0 0 15 0.75055 10.098268374691004 0.074324624 0.05
637.5 0 15 0.7488750000000001 10.094158227067508 0.07418895 0.05
638.0 0 15 0.7472000000000001 10.090033018930859 0.074053276 0.05
638.5 0 15 0.7455250000000001 10.085892667351413 0.073917602 0.05
639.0 0 15 0.7438500000000001 10.08173708878955 0.073781928 0.05
639.5 0 15 0.742175 10.077566199090043 0.07364625400000002 0.05
640.0 0 15 0.7405 10.0733799134764 0.07351058 0.05
640.5 0 15 0.7388250000000001 10.069178146545088 0.07337490599999999 0.05
641.0 0 15 0.7371500000000001 10.064960812259747 0.073239232 0.05
641.5 0 15 0.7354750000000001 10.060727823945316 0.073103558 0.05
642.0 0 15 0.7338 10.056479094282082 0.072967884 0.05
642.5 0 15 0.7321250000000001 10.052214535299699 0.07283221000000001 0.05
643.0 0 15 0.73045 10.047934058371089 0.072696536 0.05
643.5 0 15 0.7287750000000001 10.043637574206327 0.07256086199999999 0.05
644.0 0 15 0.7271000000000001 10.039324992846412 0.072425188 0.05
644.5 0 15 0.7254250000000001 10.034996223657004 0.072289514 0.05
645.0 0 15 0.7237500000000001 10.030651175322063 0.07215384000000001 0.05
645.5 0 15 0.722075 10.026289755837436 0.07201816600000001 0.05
646.0 0 15 0.7204 10.021911872504365 0.071882492 0.05
646.5 0 15 0.7187250000000001 10.017517431922904 0.071746818 0.05
647.0 0 15 0.7170500000000001 10.013106339985297 0.071611144 0.05
647.5 0 15 0.7153750000000001 10.008678501869245 0.07147547 0.05
648.0 0 15 0.7137 10.004233822031114 0.071339796 0.05
648.5 0 15 0.7120250000000001 9.999772204199077 0.07120412200000001 0.05
649.0 0 15 0.71035 9.995293551366142 0.071068448 0.05
649.5 0 15 0.708675 9.990797765783135 0.070932774 0.05
650.0 0 15 0.7070000000000001 9.986284748951583 0.0707971 0.05
650.5 0 15 0.7053250000000001 9.96822914474608 0.070757302 0.05
651.0 0 15 0.7036500000000001 9.950153218077382 0.07071750399999999 0.05
651.5 0 15 0.7019750000000001 9.93205693461528 0.070677706 0.05
652.0 0 15 0.7003 9.913940259952206 0.070637908 0.05
652.5 0 15 0.698625 9.895803159602998 0.07059811 0.05
653.0 0 15 0.6969500000000001 9.877645599004694 0.070558312 0.05
653.5 0 15 0.6952750000000001 9.859467543516303 0.070518514 0.05
654.0 0 15 0.6936000000000001 9.841268958418597 0.070478716 0.05
654.5 0 15 0.6919250000000001 9.823049808913876 0.07043891799999999 0.05
655.0 0 15 0.69025 9.804810060125753 0.07039911999999998 0.05
655.5 0 15 0.688575 9.786549677098936 0.07035932199999999 0.05
656.0 0 15 0.6869000000000001 9.768268624798997 0.070319524 0.05
656.5 0 15 0.6852250000000001 9.74996686811215 0.07027972600000001 0.05
657.0 0 15 0.6835500000000001 9.731644371845029 0.07023992800000001 0.05
657.5 0 15 0.6818750000000001 9.71330110072446 0.07020013 0.05
658.0 0 15 0.6802 9.694937019397228 0.070160332 0.05
658.5 0 15 0.678525 9.676552092429873 0.070120534 0.05
659.0 0 15 0.6768500000000001 9.65814628430843 0.070080736 0.05
659.5 0 15 0.6751750000000001 9.639719559438227 0.07004093799999998 0.05
660.0 0 15 0.6735000000000001 9.621271882143635 0.07000114 0.05
660.5 0 15 0.6718250000000001 9.602803216667859 0.069961342 0.05
661.0 0 15 0.67015 9.584313527172684 0.069921544 0.05
661.5 0 15 0.668475 9.565802777738268 0.069881746 0.05
662.0 0 15 0.6668000000000001 9.547270932362883 0.069841948 0.05
662.5 0 15 0.6651250000000001 9.528717954962705 0.06980215000000001 0.05
663.0 0 15 0.6634500000000001 9.510143809371566 0.069762352 0.05
663.5 0 15 0.6617750000000001 9.491548459340718 0.069722554 0.05
664.0 0 15 0.6601000000000001 9.47293186853861 0.06968275600000001 0.05
664.5 0 15 0.658425 9.454294000550638 0.069642958 0.05
665.0 0 15 0.6567500000000001 9.435634818878913 0.06960316000000001 0.05
665.5 0 15 0.6550750000000001 9.416954286942026 0.069563362 0.05
666.0 0 15 0.6534000000000001 9.398252368074804 0.06952356399999998 0.05
666.5 0 15 0.6517250000000001 9.379529025528065 0.069483766 0.05
667.0 0 15 0.6500500000000001 9.360784222468396 0.069443968 0.05
667.5 0 15 0.648375 9.342017921977888 0.06940417 0.05
668.0 0 15 0.6467 9.323230087053915 0.069364372 0.05
668.5 0 15 0.6450250000000001 9.304420680608871 0.069324574 0.05
669.0 0 15 0.6433500000000001 9.285589665469944 0.06928477600000002 0.05
669.5 0 15 0.6416750000000001 9.26673700437886 0.069244978 0.05
670.0 0 15 0.6400000000000001 9.247862659991638 0.06920518 0.05
670.5 0 15 0.638325 9.228966594878345 0.069165382 0.05
671.0 0 15 0.63665 9.210048771522857 0.069125584 0.05
671.5 0 15 0.6349750000000001 9.191109152322593 0.06908578600000001 0.05
672.0 0 15 0.6333000000000001 9.172147699588281 0.069045988 0.05
672.5 0 15 0.6316250000000001 9.153164375543703 0.06900619 0.05
673.0 0 15 0.6299500000000001 9.13415914232544 0.068966392 0.05
673.5 0 15 0.6282750000000001 9.11513196198263 0.068926594 0.05
674.0 0 15 0.6266 9.0960827964767 0.068886796 0.05
674.5 0 15 0.6249250000000001 9.077011607681138 0.068846998 0.05
675.0 0 15 0.6232500000000001 9.057918357381206 0.0688072 0.05
675.5 0 15 0.6215750000000001 9.046819552616782 0.068706466 0.05
676.0 0 15 0.6199000000000001 9.035688155036377 0.068605732 0.05
676.5 0 15 0.618225 9.024524020860493 0.068504998 0.05
677.0 0 15 0.61655 9.013327005462703 0.06840426399999999 0.05
677.5 0 15 0.6148750000000001 9.002096963363387 0.06830353 0.05
678.0 0 15 0.6132000000000001 8.990833748223462 0.068202796 0.05
678.5 0 15 0.6115250000000001 8.979537212837991 0.068102062 0.05
679.0 0 15 0.6098500000000001 8.9682072091298 0.06800132800000001 0.05
679.5 0 15 0.6081750000000001 8.956843588142988 0.06790059399999998 0.05
680.0 0 15 0.6065 8.945446200036402 0.06779985999999999 0.05
680.5 0 15 0.6048250000000001 8.934014894077068 0.067699126 0.05
681.0 0 15 0.6031500000000001 8.922549518633522 0.067598392 0.05
681.5 0 15 0.6014750000000001 8.911049921169118 0.067497658 0.05
682.0 0 15 0.5998000000000001 8.899515948235265 0.067396924 0.05
682.5 0 15 0.5981250000000001 8.887947445464597 0.06729619 0.05
683.0 0 15 0.59645 8.876344257564083 0.067195456 0.05
683.5 0 15 0.594775 8.864706228308094 0.067094722 0.05
684.0 0 15 0.5931000000000001 8.85303320053137 0.06699398799999999 0.05
684.5 0 15 0.5914250000000001 8.841325016121957 0.066893254 0.05
685.0 0 15 0.5897500000000001 8.829581516014072 0.06679252 0.05
685.5 0 15 0.5880750000000001 8.817802540180887 0.066691786 0.05
686.0 0 15 0.5864 8.805987927627275 0.066591052 0.05
686.5 0 15 0.584725 8.794137516382461 0.066490318 0.05
687.0 0 15 0.5830500000000001 8.78225114349263 0.066389584 0.05
687.5 0 15 0.5813750000000001 8.770328645013453 0.06628885 0.05
688.0 0 15 0.5797000000000001 8.758369856002552 0.06618811599999998 0.05
688.5 0 15 0.5780250000000001 8.746374610511884 0.066087382 0.05
689.0 0 15 0.5763500000000001 8.734342741580088 0.065986648 0.05
689.5 0 15 0.574675 8.722274081224707 0.065885914 0.05
690.0 0 15 0.5730000000000001 8.710168460434403 0.06578518 0.05
690.5 0 15 0.5713250000000001 8.698025709161042 0.065684446 0.05
691.0 0 15 0.5696500000000001 8.68584565631174 0.06558371199999999 0.05
691.5 0 15 0.5679750000000001 8.673628129740834 0.065482978 0.05
692.0 0 15 0.5663 8.66137295624176 0.06538224399999999 0.05
692.5 0 15 0.5646250000000002 8.649079961538883 0.06528151 0.05
693.0 0 15 0.5629500000000001 8.636748970279214 0.065180776 0.05
693.5 0 15 0.5612750000000001 8.624379806024098 0.06508004199999999 0.05
694.0 0 15 0.5596000000000001 8.611972291240777 0.064979308 0.05
694.5 0 15 0.5579250000000001 8.599526247293909 0.064878574 0.05
695.0 0 15 0.5562500000000001 8.58704149443699 0.06477783999999999 0.05
695.5 0 15 0.554575 8.574517851803698 0.064677106 0.05
696.0 0 15 0.5529000000000001 8.561955137399174 0.06457637199999999 0.05
696.5 0 15 0.5512250000000001 8.54935316809118 0.064475638 0.05
697.0 0 15 0.5495500000000001 8.536711759601229 0.064374904 0.05
697.5 0 15 0.5478750000000001 8.524030726495576 0.06427416999999999 0.05
698.0 0 15 0.5462 8.511309882176171 0.064173436 0.05
698.5 0 15 0.5445250000000001 8.498549038871502 0.064072702 0.05
699.0 0 15 0.54285 8.485748007627343 0.06397196799999999 0.05
699.5 0 15 0.5411750000000001 8.472906598297445 0.06387123399999999 0.05
700.0 0 15 0.5395000000000001 8.460024619534114 0.0637705 0.05
700.5 0 15 0.5378250000000001 8.412408592433279 0.06393234399999999 0.05
701.0 0 15 0.5361500000000001 8.365033035444652 0.064094188 0.05
701.5 0 15 0.534475 8.317896131525833 0.06425603199999999 0.05
702.0 0 15 0.5328 8.270996081895033 0.064417876 0.05
702.5 0 15 0.5311250000000001 8.224331105802257 0.06457972 0.05
703.0 0 15 0.5294500000000001 8.177899440303916 0.06474156399999999 0.05
703.5 0 15 0.5277750000000001 8.131699340040822 0.064903408 0.05
704.0 0 15 0.5261000000000001 8.085729077019485 0.06506525199999999 0.05
704.5 0 15 0.524425 8.039986940396673 0.065227096 0.05
705.0 0 15 0.52275 7.994471236267175 0.06538893999999999 0.05
705.5 0 15 0.5210750000000001 7.949180287454687 0.065550784 0.05
706.0 0 15 0.5194000000000001 7.904112433305819 0.065712628 0.05
706.5 0 15 0.5177250000000001 7.859266029487116 0.06587447199999999 0.05
707.0 0 15 0.5160500000000001 7.8146394477850665 0.06603631599999998 0.05
707.5 0 15 0.514375 7.77023107590906 0.06619815999999999 0.05
708.0 0 15 0.5127 7.726039317297209 0.066360004 0.05
708.5 0 15 0.5110250000000001 7.682062590925016 0.06652184800000001 0.05
709.0 0 15 0.5093500000000001 7.638299331116822 0.06668369199999999 0.05
709.5 0 15 0.5076750000000001 7.5947479873599955 0.066845536 0.05
710.0 0 15 0.5060000000000001 7.551407024121823 0.06700737999999999 0.05
710.5 0 15 0.504325 7.508274920669026 0.067169224 0.05
711.0 0 15 0.50265 7.465350170889909 0.06733106799999998 0.05
711.5 0 15 0.5009750000000001 7.422631283119036 0.06749291199999999 0.05
712.0 0 15 0.4993000000000001 7.380116779964443 0.067654756 0.05
712.5 0 15 0.4976250000000001 7.337805198137332 0.06781659999999998 0.05
713.0 0 15 0.49595000000000006 7.295695088284163 0.067978444 0.05
713.5 0 15 0.4942750000000001 7.253785014821189 0.068140288 0.05
714.0 0 15 0.49260000000000004 7.212073555771291 0.06830213199999999 0.05
714.5 0 15 0.49092500000000006 7.170559302603169 0.068463976 0.05
715.0 0 15 0.4892500000000001 7.129240860072785 0.06862582 0.05
715.5 0 15 0.4875750000000001 7.088116846067052 0.068787664 0.05
716.0 0 15 0.48590000000000005 7.047185891449727 0.06894950799999999 0.05
716.5 0 15 0.48422500000000007 7.006446639909462 0.069111352 0.05
717.0 0 15 0.48255000000000003 6.965897747809991 0.069273196 0.05
717.5 0 15 0.48087500000000005 6.92553788404241 0.06943503999999999 0.05
718.0 0 15 0.47920000000000007 6.885365729879517 0.069596884 0.05
718.5 0 15 0.47752500000000003 6.8453799788321845 0.06975872799999999 0.05
719.0 0 15 0.47585000000000005 6.805579336507717 0.069920572 0.05
719.5 0 15 0.47417500000000007 6.765962520470186 0.070082416 0.05
720.0 0 15 0.47250000000000003 6.726528260102677 0.07024425999999999 0.05
720.5 0 15 0.47082500000000005 6.687275296471455 0.070406104 0.05
721.0 0 15 0.46915000000000007 6.648202382191985 0.07056794799999999 0.05
721.5 0 15 0.4674750000000001 6.609308281296799 0.070729792 0.05
722.0 0 15 0.46580000000000005 6.5705917691051745 0.070891636 0.05
722.5 0 15 0.46412500000000007 6.532051632094587 0.07105347999999999 0.05
723.0 0 15 0.46245 6.49368666777392 0.071215324 0.05
723.5 0 15 0.46077500000000005 6.455495684558403 0.07137716799999999 0.05
724.0 0 15 0.45910000000000006 6.4174775016462355 0.07153901200000001 0.05
724.5 0 15 0.457425 6.379630948896901 0.071700856 0.05
725.0 0 15 0.45575000000000004 6.341954866711104 0.0718627 0.05
725.5 0 15 0.45407500000000006 6.304448105912341 0.072024544 0.05
726.0 0 15 0.4524 6.267109527630058 0.07218638799999998 0.05
726.5 0 15 0.45072500000000004 6.229938003184377 0.07234823200000001 0.05
727.0 0 15 0.44905000000000006 6.192932413972371 0.072510076 0.05
727.5 0 15 0.447375 6.1560916513558475 0.07267192 0.05
728.0 0 15 0.44570000000000004 6.119414616550643 0.07283376400000001 0.05
728.5 0 15 0.44402500000000006 6.082900220517378 0.07299560799999999 0.05
729.0 0 15 0.44235 6.046547383853665 0.073157452 0.05
729.5 0 15 0.44067500000000004 6.010355036687751 0.07331929599999999 0.05
730.0 0 15 0.43900000000000006 5.974322118573556 0.07348114 0.05
730.5 0 15 0.437325 5.938447578387101 0.073642984 0.05
731.0 0 15 0.43565000000000004 5.9027303742243005 0.07380482799999999 0.05
731.5 0 15 0.433975 5.867169473300083 0.073966672 0.05
732.0 0 15 0.4323 5.831763851848863 0.07412851599999999 0.05
732.5 0 15 0.43062500000000004 5.796512495026273 0.07429036 0.05
733.0 0 15 0.42895000000000005 5.761414396812216 0.07445220400000001 0.05
733.5 0 15 0.427275 5.726468559915153 0.07461404799999999 0.05
734.0 0 15 0.42560000000000003 5.691673995677645 0.074775892 0.05
734.5 0 15 0.423925 5.657029723983122 0.07493773599999999 0.05
735.0 0 15 0.42225 5.622534773163845 0.07509958 0.05
735.5 0 15 0.42057500000000003 5.5881881799100706 0.07526142399999998 0.05
736.0 0 15 0.41890000000000005 5.55398898918037 0.07542326799999999 0.05
736.5 0 15 0.417225 5.519936254113112 0.075585112 0.05
737.0 0 15 0.41555000000000003 5.486029035939082 0.07574695599999999 0.05
737.5 0 15 0.413875 5.452266403895201 0.0759088 0.05
738.0 0 15 0.4122 5.418647435139369 0.076070644 0.05
738.5 0 15 0.41052500000000003 5.385171214666377 0.076232488 0.05
739.0 0 15 0.40885000000000005 5.351836835224897 0.076394332 0.05
739.5 0 15 0.407175 5.318643397235516 0.07655617599999998 0.05
740.0 0 15 0.4055 5.285590008709819 0.07671802 0.05
740.5 0 15 0.403825 5.252675785170484 0.07687986399999999 0.05
741.0 0 15 0.40215 5.21989984957239 0.077041708 0.05
741.5 0 15 0.400475 5.187261332224715 0.077203552 0.05
742.0 0 15 0.39880000000000004 5.154759370714008 0.07736539599999999 0.05
742.5 0 15 0.397125 5.122393109828236 0.07752724 0.05
743.0 0 15 0.39545 5.090161701481769 0.07768908399999999 0.05
743.5 0 15 0.393775 5.0580643046413005 0.07785092800000001 0.05
744.0 0 15 0.3921 5.026100085252708 0.078012772 0.05
744.5 0 15 0.390425 4.994268216168789 0.078174616 0.05
745.0 0 15 0.38875000000000004 4.9625678770779285 0.07833646 0.05
745.5 0 15 0.387075 4.930998254433625 0.07849830399999999 0.05
746.0 0 15 0.38539999999999996 4.899558541384895 0.078660148 0.05
746.5 0 15 0.383725 4.868247937707538 0.078821992 0.05
747.0 0 15 0.38205 4.837065649736232 0.078983836 0.05
747.5 0 15 0.380375 4.806010890297487 0.07914568000000001 0.05
748.0 0 15 0.37870000000000004 4.775082878643395 0.07930752399999998 0.05
748.5 0 15 0.377025 4.744280840386198 0.079469368 0.05
749.0 0 15 0.37534999999999996 4.713604007433668 0.07963121199999999 0.05
749.5 0 15 0.373675 4.683051617925249 0.079793056 0.05
750.0 0 15 0.372 4.6526229161689905 0.0799549 0.05
750.5 0 15 0.370325 4.6223171525792415 0.080116744 0.05
751.0 0 15 0.36865 4.592133583615098 0.080278588 0.05
751.5 0 15 0.366975 4.562071471719595 0.08044043199999999 0.05
752.0 0 15 0.3653 4.532130085259627 0.080602276 0.05
752.5 0 15 0.363625 4.502308698466596 0.08076412000000001 0.05
753.0 0 15 0.36195 4.472606591377769 0.08092596399999999 0.05
753.5 0 15 0.360275 4.4430230497783345 0.081087808 0.05
754.0 0 15 0.3586 4.413557365144161 0.08124965199999999 0.05
754.5 0 15 0.356925 4.384208834585229 0.081411496 0.05
755.0 0 15 0.35525 4.3549767607897385 0.08157334000000001 0.05
755.5 0 15 0.353575 4.325860451968886 0.08173518399999997 0.05
756.0 0 15 0.3519 4.296859221802285 0.081897028 0.05
756.5 0 15 0.350225 4.2679723893840515 0.08205887199999999 0.05
757.0 0 15 0.34854999999999997 4.2391992791694975 0.082220716 0.05
757.5 0 15 0.346875 4.210539220922486 0.08238256000000001 0.05
758.0 0 15 0.3452 4.18199154966338 0.08254440399999997 0.05
758.5 0 15 0.34352499999999997 4.153555605617607 0.082706248 0.05
759.0 0 15 0.34185 4.1252307341648455 0.082868092 0.05
759.5 0 15 0.340175 4.097016285788778 0.083029936 0.05
760.0 0 15 0.3385 4.068911616027449 0.08319177999999999 0.05
760.5 0 15 0.336825 4.040916085424192 0.083353624 0.05
761.0 0 15 0.33515 4.013029059479138 0.083515468 0.05
761.5 0 15 0.33347499999999997 3.98524990860127 0.08367731200000002 0.05
762.0 0 15 0.3318 3.9575780080610543 0.083839156 0.05
762.5 0 15 0.330125 3.930012737943596 0.084001 0.05
763.0 0 15 0.32845 3.9025534831023534 0.084162844 0.05
763.5 0 15 0.326775 3.875199633113377 0.08432468800000001 0.05
764.0 0 15 0.3251 3.8479505822300766 0.084486532 0.05
764.5 0 15 0.323425 3.820805729338505 0.08464837600000001 0.05
765.0 0 15 0.32175 3.7937644779131574 0.08481021999999998 0.05
765.5 0 15 0.320075 3.7668262359732725 0.084972064 0.05
766.0 0 15 0.3184 3.7399904160396353 0.085133908 0.05
766.5 0 15 0.316725 3.713256435091867 0.085295752 0.05
767.0 0 15 0.31505 3.686623714526208 0.08545759599999998 0.05
767.5 0 15 0.313375 3.6600916801137693 0.08561943999999998 0.05
768.0 0 15 0.3117 3.6336597619592634 0.085781284 0.05
768.5 0 15 0.310025 3.6073273944602064 0.08594312800000001 0.05
769.0 0 15 0.30835 3.5810940162665634 0.086104972 0.05
769.5 0 15 0.306675 3.5549590702408675 0.086266816 0.05
770.0 0 15 0.305 3.528922003418774 0.08642865999999999 0.05
770.5 0 15 0.303325 3.5029822669700597 0.086590504 0.05
771.0 0 15 0.30165 3.477139316160065 0.086752348 0.05
771.5 0 15 0.299975 3.4513926103115584 0.086914192 0.05
772.0 0 15 0.2983 3.425741612767031 0.087076036 0.05
772.5 0 15 0.296625 3.400185790851406 0.08723787999999998 0.05
773.0 0 15 0.29495 3.3747246158351714 0.08739972399999998 0.05
773.5 0 15 0.293275 3.349357562897915 0.08756156799999998 0.05
774.0 0 15 0.29159999999999997 3.3240841110922585 0.087723412 0.05
774.5 0 15 0.289925 3.2989037433082062 0.087885256 0.05
775.0 0 15 0.28825 3.273815946237866 0.08804709999999999 0.05
775.5 0 15 0.286575 3.2488202103405754 0.08820894399999998 0.05
776.0 0 15 0.2849 3.2239160298084024 0.08837078799999999 0.05
776.5 0 15 0.283225 3.199102902532029 0.088532632 0.05
777.0 0 15 0.28154999999999997 3.174380330067004 0.08869447600000001 0.05
777.5 0 15 0.279875 3.149747817600369 0.08885631999999999 0.05
778.0 0 15 0.2782 3.1252048739176423 0.089018164 0.05
778.5 0 15 0.276525 3.1007510113701717 0.089180008 0.05
779.0 0 15 0.27485 3.076385745842833 0.08934185199999999 0.05
779.5 0 15 0.273175 3.0521085967220842 0.089503696 0.05
780.0 0 15 0.27149999999999996 3.0279190868643626 0.08966553999999999 0.05
780.5 0 15 0.269825 3.0038167425648283 0.089827384 0.05
781.0 0 15 0.26815 2.9798010935264383 0.089989228 0.05
781.5 0 15 0.266475 2.9558716728293595 0.090151072 0.05
782.0 0 15 0.2648 2.9320280169007056 0.090312916 0.05
782.5 0 15 0.263125 2.908269665484606 0.09047476 0.05
783.0 0 15 0.26144999999999996 2.884596161612586 0.090636604 0.05
783.5 0 15 0.259775 2.861007051574273 0.090798448 0.05
784.0 0 15 0.2581 2.8375018848884084 0.090960292 0.05
784.5 0 15 0.256425 2.8140802142741697 0.09112213599999999 0.05
785.0 0 15 0.25475 2.7907415956228023 0.09128398 0.05
785.5 0 15 0.253075 2.76748558796955 0.09144582400000001 0.05
786.0 0 15 0.2514 2.744311753465878 0.09160766800000002 0.05
786.5 0 15 0.24972499999999997 2.721219657351997 0.09176951200000001 0.05
787.0 0 15 0.24805 2.698208867929676 0.09193135599999999 0.05
787.5 0 15 0.24637499999999998 2.675278956535336 0.0920932 0.05
788.0 0 15 0.2447 2.652429497513437 0.092255044 0.05
788.5 0 15 0.243025 2.629660068190134 0.09241688800000002 0.05
789.0 0 15 0.24134999999999998 2.606970248847219 0.092578732 0.05
789.5 0 15 0.239675 2.584359622696327 0.09274057599999999 0.05
790.0 0 15 0.238 2.5618277758534167 0.09290242 0.05
790.5 0 15 0.23632499999999998 2.539374297313521 0.093064264 0.05
791.0 0 15 0.23465 2.516998778925749 0.093226108 0.05
791.5 0 15 0.232975 2.4947008153685606 0.093387952 0.05
792.0 0 15 0.2313 2.47248000412529 0.09354979599999999 0.05
792.5 0 15 0.229625 2.4503359454599236 0.09371164 0.05
793.0 0 15 0.22794999999999999 2.428268242393134 0.093873484 0.05
793.5 0 15 0.226275 2.4062765006785534 0.094035328 0.05
794.0 0 15 0.2246 2.384360328779297 0.094197172 0.05
794.5 0 15 0.22292499999999998 2.362519337844727 0.09435901599999999 0.05
795.0 0 15 0.22125 2.340753141687454 0.09452086 0.05
795.5 0 15 0.219575 2.319061356760576 0.09468270399999999 0.05
796.0 0 15 0.21789999999999998 2.2974436021351483 0.094844548 0.05
796.5 0 15 0.216225 2.275899499477888 0.095006392 0.05
797.0 0 15 0.21455 2.2544286730290977 0.095168236 0.05
797.5 0 15 0.21287499999999998 2.233030749580825 0.09533007999999998 0.05
798.0 0 15 0.2112 2.211705358455234 0.09549192400000002 0.05
798.5 0 15 0.209525 2.190452131483205 0.09565376800000001 0.05
799.0 0 15 0.20784999999999998 2.169270702983142 0.09581561200000001 0.05
799.5 0 15 0.206175 2.148160709740004 0.095977456 0.05
800.0 0 15 0.2045 2.12712179098454 0.0961393 0.05
800.5 0 15 0.2041535 2.1265092462245083 0.09600405 0.05
801.0 0 15 0.203807 2.125894973129944 0.09586880000000002 0.05
801.5 0 15 0.2034605 2.1252789643756027 0.09573355 0.05
802.0 0 15 0.203114 2.1246612125947846 0.0955983 0.05
802.5 0 15 0.2027675 2.124041710379042 0.09546305 0.05
803.0 0 15 0.202421 2.1234204502778833 0.09532779999999999 0.05
803.5 0 15 0.2020745 2.122797424798474 0.09519255 0.05
804.0 0 15 0.201728 2.1221726264053364 0.0950573 0.05
804.5 0 15 0.2013815 2.1215460475200443 0.09492205 0.05
805.0 0 15 0.201035 2.1209176805209164 0.09478679999999999 0.05
805.5 0 15 0.2006885 2.12028751774271 0.09465155 0.05
806.0 0 15 0.200342 2.1196555514763062 0.0945163 0.05
806.5 0 15 0.1999955 2.1190217739683974 0.09438105 0.05
807.0 0 15 0.199649 2.118386177421169 0.09424579999999999 0.05
807.5 0 15 0.1993025 2.1177487539919806 0.09411055 0.05
808.0 0 15 0.198956 2.1171094957930436 0.0939753 0.05
808.5 0 15 0.1986095 2.116468394891094 0.09384005000000001 0.05
809.0 0 15 0.198263 2.1158254433070662 0.0937048 0.05
809.5 0 15 0.1979165 2.115180633015762 0.09356954999999999 0.05
810.0 0 15 0.19757 2.1145339559455145 0.0934343 0.05
810.5 0 15 0.1972235 2.113885403977854 0.09329905 0.05
811.0 0 15 0.196877 2.1132349689471663 0.09316379999999999 0.05
811.5 0 15 0.1965305 2.1125826426403504 0.09302855000000002 0.05
812.0 0 15 0.196184 2.111928416796475 0.0928933 0.05
812.5 0 15 0.1958375 2.111272283106426 0.09275805 0.05
813.0 0 15 0.195491 2.110614233212557 0.09262279999999999 0.05
813.5 0 15 0.1951445 2.1099542587083344 0.09248754999999999 0.05
814.0 0 15 0.194798 2.109292351137979 0.0923523 0.05
814.5 0 15 0.1944515 2.108628501996106 0.09221705 0.05
815.0 0 15 0.194105 2.1079627027273578 0.09208179999999999 0.05
815.5 0 15 0.1937585 2.107294944726039 0.09194655 0.05
816.0 0 15 0.193412 2.106625219335746 0.0918113 0.05
816.5 0 15 0.1930655 2.105953517848991 0.09167605 0.05
817.0 0 15 0.192719 2.105279831506825 0.09154080000000002 0.05
817.5 0 15 0.1923725 2.1046041514984593 0.09140555 0.05
818.0 0 15 0.192026 2.1039264689608776 0.0912703 0.05
818.5 0 15 0.1916795 2.1032467749784525 0.09113505 0.05
819.0 0 15 0.191333 2.1025650605825508 0.0909998 0.05
819.5 0 15 0.1909865 2.1018813167511423 0.09086455 0.05
820.0 0 15 0.19064 2.1011955344083995 0.09072930000000001 0.05
820.5 0 15 0.1902935 2.1005077044242975 0.09059405 0.05
821.0 0 15 0.189947 2.0998178176142064 0.09045880000000002 0.05
821.5 0 15 0.1896005 2.0991258647384874 0.09032355 0.05
822.0 0 15 0.189254 2.098431836502074 0.09018830000000001 0.05
822.5 0 15 0.1889075 2.097735723554061 0.09005305 0.05
823.0 0 15 0.18856099999999998 2.0970375164872808 0.08991779999999998 0.05
823.5 0 15 0.1882145 2.096337205837883 0.08978255 0.05
824.0 0 15 0.18786799999999998 2.0956347820849035 0.0896473 0.05
824.5 0 15 0.1875215 2.094930235649837 0.08951205 0.05
825.0 0 15 0.18717499999999998 2.094223556896196 0.0893768 0.05
825.5 0 15 0.1868285 2.093514736129079 0.08924155 0.05
826.0 0 15 0.18648199999999998 2.0928037635947176 0.0891063 0.05
826.5 0 15 0.1861355 2.092090629480039 0.08897105 0.05
827.0 0 15 0.18578899999999998 2.0913753239122066 0.08883579999999999 0.05
827.5 0 15 0.1854425 2.09065783695817 0.08870054999999999 0.05
828.0 0 15 0.18509599999999998 2.0899381586242014 0.0885653 0.05
828.5 0 15 0.1847495 2.0892162788554347 0.08843005 0.05
829.0 0 15 0.18440299999999998 2.0884921875353926 0.0882948 0.05
829.5 0 15 0.18405649999999998 2.0877658744855205 0.08815955000000002 0.05
830.0 0 15 0.18370999999999998 2.0870373294647044 0.0880243 0.05
830.5 0 15 0.18336349999999998 2.086306542168791 0.08788905 0.05
831.0 0 15 0.18301699999999999 2.085573502230103 0.08775379999999999 0.05
831.5 0 15 0.18267049999999999 2.0848381992169465 0.08761855 0.05
832.0 0 15 0.18232399999999999 2.0841006226331196 0.0874833 0.05
832.5 0 15 0.1819775 2.0833607619174095 0.08734805000000001 0.05
833.0 0 15 0.181631 2.0826186064430905 0.08721280000000002 0.05
833.5 0 15 0.1812845 2.081874145517415 0.08707755 0.05
834.0 0 15 0.180938 2.0811273683810985 0.0869423 0.05
834.5 0 15 0.1805915 2.0803782642078033 0.08680705000000001 0.05
835.0 0 15 0.180245 2.079626822103614 0.0866718 0.05
835.5 0 15 0.1798985 2.078873031106509 0.08653655 0.05
836.0 0 15 0.179552 2.0781168801858305 0.0864013 0.05
836.5 0 15 0.1792055 2.0773583582417414 0.08626605000000001 0.05
837.0 0 15 0.178859 2.076597454104687 0.08613080000000001 0.05
837.5 0 15 0.1785125 2.0758341565348437 0.08599555 0.05
838.0 0 15 0.178166 2.075068454221567 0.0858603 0.05
838.5 0 15 0.1778195 2.0743003357828314 0.08572505 0.05
839.0 0 15 0.177473 2.073529789764668 0.08558980000000001 0.05
839.5 0 15 0.1771265 2.0727568046405955 0.08545454999999999 0.05
840.0 0 15 0.17678 2.0719813688110427 0.0853193 0.05
840.5 0 15 0.1764335 2.071203470602771 0.08518405 0.05
841.0 0 15 0.176087 2.070423098268288 0.08504880000000001 0.05
841.5 0 15 0.1757405 2.0696402399852554 0.08491355 0.05
842.0 0 15 0.175394 2.0688548838558924 0.08477829999999999 0.05
842.5 0 15 0.1750475 2.0680670179063725 0.08464305 0.05
843.0 0 15 0.174701 2.067276630086217 0.0845078 0.05
843.5 0 15 0.1743545 2.066483708267677 0.08437255 0.05
844.0 0 15 0.174008 2.065688240245117 0.0842373 0.05
844.5 0 15 0.1736615 2.064890213734386 0.08410205 0.05
845.0 0 15 0.173315 2.064089616372185 0.08396680000000001 0.05
845.5 0 15 0.1729685 2.0632864357154315 0.08383155 0.05
846.0 0 15 0.172622 2.0624806592406117 0.08369629999999999 0.05
846.5 0 15 0.1722755 2.06167227434313 0.08356105 0.05
847.0 0 15 0.171929 2.060861268336654 0.0834258 0.05
847.5 0 15 0.1715825 2.0600476284524474 0.08329055 0.05
848.0 0 15 0.171236 2.059231341838704 0.0831553 0.05
848.5 0 15 0.1708895 2.0584123955598677 0.08302005000000001 0.05
849.0 0 15 0.170543 2.05759077659595 0.08288480000000001 0.05
849.5 0 15 0.1701965 2.056766471841841 0.08274955 0.05
850.0 0 15 0.16985 2.055939468106611 0.0826143 0.05
850.5 0 15 0.1695035 2.055109752112809 0.08247905 0.05
851.0 0 15 0.169157 2.054277310495751 0.0823438 0.05
851.5 0 15 0.1688105 2.0534421298028 0.08220855 0.05
852.0 0 15 0.168464 2.0526041964926476 0.0820733 0.05
852.5 0 15 0.1681175 2.0517634969345746 0.08193805 0.05
853.0 0 15 0.167771 2.050920017407717 0.0818028 0.05
853.5 0 15 0.1674245 2.050073744100319 0.08166755 0.05
854.0 0 15 0.167078 2.0492246631089763 0.0815323 0.05
854.5 0 15 0.1667315 2.0483727604378785 0.08139704999999998 0.05
855.0 0 15 0.166385 2.047518021998036 0.08126180000000001 0.05
855.5 0 15 0.1660385 2.0466604336065073 0.08112655 0.05
856.0 0 15 0.165692 2.045799980985612 0.0809913 0.05
856.5 0 15 0.1653455 2.044936649762139 0.08085605 0.05
857.0 0 15 0.164999 2.044070425466546 0.08072080000000002 0.05
857.5 0 15 0.1646525 2.043201293532153 0.08058555 0.05
858.0 0 15 0.164306 2.042329239294322 0.0804503 0.05
858.5 0 15 0.1639595 2.041454247989636 0.08031505 0.05
859.0 0 15 0.163613 2.040576304755063 0.0801798 0.05
859.5 0 15 0.1632665 2.039695394627117 0.08004455 0.05
860.0 0 15 0.16292 2.038811502541006 0.0799093 0.05
860.5 0 15 0.1625735 2.0379246133297735 0.07977405 0.05
861.0 0 15 0.162227 2.037034711723431 0.07963880000000001 0.05
861.5 0 15 0.1618805 2.036141782348084 0.07950355 0.05
862.0 0 15 0.161534 2.0352458097250414 0.0793683 0.05
862.5 0 15 0.16118749999999998 2.0343467782699265 0.07923304999999999 0.05
863.0 0 15 0.160841 2.0334446722917705 0.0790978 0.05
863.5 0 15 0.16049449999999998 2.0325394759921 0.07896255 0.05
864.0 0 15 0.16014799999999998 2.0316311734640156 0.07882729999999999 0.05
864.5 0 15 0.15980149999999999 2.030719748691259 0.07869205 0.05
865.0 0 15 0.15945499999999999 2.0298051855472723 0.07855680000000001 0.05
865.5 0 15 0.15910849999999999 2.0288874677942474 0.07842155 0.05
866.0 0 15 0.158762 2.0279665790821637 0.0782863 0.05
866.5 0 15 0.1584155 2.027042502947817 0.07815105 0.05
867.0 0 15 0.158069 2.02611522281384 0.0780158 0.05
867.5 0 15 0.1577225 2.0251847219877104 0.07788055 0.05
868.0 0 15 0.157376 2.0242509836607483 0.0777453 0.05
868.5 0 15 0.1570295 2.023313990907105 0.07761005 0.05
869.0 0 15 0.156683 2.02237372668274 0.07747480000000002 0.05
869.5 0 15 0.1563365 2.0214301738243883 0.07733955000000002 0.05
870.0 0 15 0.15599 2.020483315048514 0.0772043 0.05
870.5 0 15 0.1556435 2.0195331329502566 0.07706905000000001 0.05
871.0 0 15 0.155297 2.018579610002366 0.07693379999999998 0.05
871.5 0 15 0.1549505 2.0176227285541195 0.07679855000000001 0.05
872.0 0 15 0.154604 2.0166624708302407 0.0766633 0.05
872.5 0 15 0.1542575 2.015698818929791 0.07652805 0.05
873.0 0 15 0.153911 2.014731754825062 0.0763928 0.05
873.5 0 15 0.1535645 2.0137612603604493 0.07625755000000001 0.05
874.0 0 15 0.153218 2.0127873172513175 0.07612230000000002 0.05
874.5 0 15 0.1528715 2.0118099070828515 0.07598705 0.05
875.0 0 15 0.152525 2.0108290113088945 0.0758518 0.05
875.5 0 15 0.1521785 2.0098446112507764 0.07571655000000001 0.05
876.0 0 15 0.151832 2.0088566880961296 0.07558129999999999 0.05
876.5 0 15 0.1514855 2.0078652228976863 0.07544605 0.05
877.0 0 15 0.151139 2.0068701965720717 0.07531080000000001 0.05
877.5 0 15 0.1507925 2.005871589898577 0.07517555000000001 0.05
878.0 0 15 0.150446 2.004869383517923 0.0750403 0.05
878.5 0 15 0.1500995 2.003863557931007 0.07490505 0.05
879.0 0 15 0.149753 2.002854093497642 0.0747698 0.05
879.5 0 15 0.1494065 2.001840970435274 0.07463455000000001 0.05
880.0 0 15 0.14906 2.0008241688176933 0.0744993 0.05
880.5 0 15 0.1487135 1.9998036685737262 0.07436405 0.05
881.0 0 15 0.148367 1.9987794494859135 0.07422880000000001 0.05
881.5 0 15 0.1480205 1.997751491189179 0.07409355 0.05
882.0 0 15 0.147674 1.996719773169475 0.0739583 0.05
882.5 0 15 0.1473275 1.9956842747624217 0.07382305 0.05
883.0 0 15 0.146981 1.9946449751519248 0.0736878 0.05
883.5 0 15 0.1466345 1.9936018533687816 0.07355255000000001 0.05
884.0 0 15 0.146288 1.9925548882892723 0.0734173 0.05
884.5 0 15 0.1459415 1.991504058633731 0.07328205 0.05
885.0 0 15 0.145595 1.9904493429651056 0.07314680000000001 0.05
885.5 0 15 0.1452485 1.9893907196875014 0.07301155000000001 0.05
886.0 0 15 0.144902 1.9883281670447044 0.0728763 0.05
886.5 0 15 0.1445555 1.987261663118693 0.07274105 0.05
887.0 0 15 0.14420899999999998 1.9861911858281291 0.0726058 0.05
887.5 0 15 0.1438625 1.985116712926837 0.07247055000000001 0.05
888.0 0 15 0.14351599999999998 1.9840382220022585 0.0723353 0.05
888.5 0 15 0.1431695 1.9829556904738985 0.07220005 0.05
889.0 0 15 0.14282299999999998 1.9818690955917446 0.07206480000000001 0.05
889.5 0 15 0.1424765 1.9807784144346794 0.07192955000000001 0.05
890.0 0 15 0.14212999999999998 1.9796836239088613 0.0717943 0.05
890.5 0 15 0.14178349999999998 1.9785847007461022 0.07165905 0.05
891.0 0 15 0.14143699999999998 1.977481621502213 0.0715238 0.05
891.5 0 15 0.14109049999999998 1.9763743625553392 0.07138855000000001 0.05
892.0 0 15 0.14074399999999998 1.9752629001042754 0.07125330000000002 0.05
892.5 0 15 0.14039749999999998 1.9741472101667576 0.07111805 0.05
893.0 0 15 0.14005099999999998 1.9730272685777392 0.07098280000000001 0.05
893.5 0 15 0.13970449999999998 1.9719030509876483 0.07084755000000001 0.05
894.0 0 15 0.13935799999999998 1.9707745328606192 0.07071230000000002 0.05
894.5 0 15 0.13901149999999998 1.9696416894727107 0.07057705 0.05
895.0 0 15 0.13866499999999998 1.9685044959100986 0.0704418 0.05
895.5 0 15 0.13831849999999998 1.96736292706725 0.07030655000000001 0.05
896.0 0 15 0.13797199999999998 1.9662169576450768 0.0701713 0.05
896.5 0 15 0.13762549999999998 1.9650665621490644 0.07003605 0.05
897.0 0 15 0.13727899999999998 1.9639117148873826 0.06990080000000001 0.05
897.5 0 15 0.13693249999999998 1.9627523899689743 0.06976555 0.05
898.0 0 15 0.13658599999999999 1.9615885613016169 0.0696303 0.05
898.5 0 15 0.13623949999999999 1.9604202025899684 0.06949505 0.05
899.0 0 15 0.13589299999999999 1.9592472873335849 0.06935980000000001 0.05
899.5 0 15 0.1355465 1.958069788824918 0.06922455000000001 0.05
900.0 0 15 0.1352 1.9568876801472872 0.0690893 0.05
900.5 0 15 0.1348535 1.9525985944029622 0.069063606 0.05
901.0 0 15 0.134507 1.948306316100637 0.069037912 0.05
901.5 0 15 0.1341605 1.9440108416744408 0.069012218 0.05
902.0 0 15 0.133814 1.9397121675531872 0.06898652400000002 0.05
902.5 0 15 0.1334675 1.9354102901603705 0.06896083 0.05
903.0 0 15 0.133121 1.9311052059141505 0.06893513600000001 0.05
903.5 0 15 0.1327745 1.9267969112273466 0.068909442 0.05
904.0 0 15 0.132428 1.922485402507424 0.06888374800000001 0.05
904.5 0 15 0.1320815 1.9181706761564883 0.068858054 0.05
905.0 0 15 0.131735 1.9138527285712705 0.06883236000000001 0.05
905.5 0 15 0.1313885 1.9095315561431212 0.068806666 0.05
906.0 0 15 0.131042 1.9052071552579974 0.06878097200000001 0.05
906.5 0 15 0.1306955 1.9008795222964554 0.06875527799999999 0.05
907.0 0 15 0.130349 1.8965486536336371 0.06872958400000001 0.05
907.5 0 15 0.1300025 1.8922145456392643 0.06870389 0.05
908.0 0 15 0.129656 1.8878771946776234 0.06867819600000001 0.05
908.5 0 15 0.1293095 1.8835365971075604 0.068652502 0.05
909.0 0 15 0.128963 1.8791927492824665 0.06862680800000003 0.05
909.5 0 15 0.1286165 1.8748456475502713 0.06860111400000002 0.05
910.0 0 15 0.12827 1.8704952882534296 0.06857542 0.05
910.5 0 15 0.1279235 1.8661416677289124 0.068549726 0.05
911.0 0 15 0.127577 1.861784782308198 0.068524032 0.05
911.5 0 15 0.1272305 1.857424628317259 0.068498338 0.05
912.0 0 15 0.126884 1.853061202076555 0.068472644 0.05
912.5 0 15 0.1265375 1.848694499901018 0.06844695 0.05
913.0 0 15 0.126191 1.8443245181000476 0.068421256 0.05
913.5 0 15 0.1258445 1.8399512529774955 0.06839556200000002 0.05
914.0 0 15 0.125498 1.8355747008316587 0.068369868 0.05
914.5 0 15 0.1251515 1.831194857955266 0.06834417400000001 0.05
915.0 0 15 0.12480499999999999 1.8268117206354706 0.06831848 0.05
915.5 0 15 0.12445849999999999 1.822425285153837 0.06829278600000001 0.05
916.0 0 15 0.12411199999999999 1.8180355477863328 0.06826709200000002 0.05
916.5 0 15 0.12376549999999999 1.8136425048033156 0.06824139800000001 0.05
917.0 0 15 0.12341899999999999 1.809246152469525 0.068215704 0.05
917.5 0 15 0.12307249999999999 1.8048464870440695 0.06819001000000001 0.05
918.0 0 15 0.12272599999999999 1.8004435047804188 0.068164316 0.05
918.5 0 15 0.12237949999999999 1.7960372019263902 0.06813862200000001 0.05
919.0 0 15 0.12203299999999999 1.7916275747241401 0.068112928 0.05
919.5 0 15 0.12168649999999999 1.7872146194101521 0.06808723400000001 0.05
920.0 0 15 0.12133999999999999 1.7827983322152272 0.06806154000000002 0.05
920.5 0 15 0.12099349999999999 1.7783787093644723 0.068035846 0.05
921.0 0 15 0.12064699999999999 1.773955747077289 0.068010152 0.05
921.5 0 15 0.12030049999999999 1.7695294415673652 0.067984458 0.05
922.0 0 15 0.11995399999999999 1.765099789042661 0.067958764 0.05
922.5 0 15 0.11960749999999999 1.7606667857054008 0.06793307000000001 0.05
923.0 0 15 0.11926099999999998 1.75623042775206 0.067907376 0.05
923.5 0 15 0.11891449999999998 1.7517907113733566 0.067881682 0.05
924.0 0 15 0.11856799999999998 1.7473476327542379 0.067855988 0.05
924.5 0 15 0.11822149999999998 1.7429011880738712 0.067830294 0.05
925.0 0 15 0.11787499999999998 1.738451373505632 0.0678046 0.05
925.5 0 15 0.11752849999999998 1.7339981852170936 0.067778906 0.05
926.0 0 15 0.11718199999999998 1.7295416193700155 0.06775321200000001 0.05
926.5 0 15 0.11683549999999998 1.7250816721203335 0.067727518 0.05
927.0 0 15 0.11648899999999998 1.7206183396181463 0.06770182400000002 0.05
927.5 0 15 0.11614249999999998 1.7161516180077079 0.06767613 0.05
928.0 0 15 0.11579599999999998 1.7116815034274129 0.067650436 0.05
928.5 0 15 0.11544949999999998 1.707207992009788 0.067624742 0.05
929.0 0 15 0.11510299999999998 1.7027310798814794 0.06759904800000001 0.05
929.5 0 15 0.11475649999999998 1.698250763163243 0.067573354 0.05
930.0 0 15 0.11440999999999998 1.6937670379699308 0.06754766000000001 0.05
930.5 0 15 0.11406349999999998 1.6892799004104824 0.06752196600000002 0.05
931.0 0 15 0.11371699999999998 1.6847893465879122 0.067496272 0.05
931.5 0 15 0.11337049999999999 1.6802953725992977 0.067470578 0.05
932.0 0 15 0.11302399999999999 1.6757979745357705 0.067444884 0.05
932.5 0 15 0.11267749999999999 1.6712971484825014 0.06741919 0.05
933.0 0 15 0.11233099999999999 1.6667928905186933 0.067393496 0.05
933.5 0 15 0.11198449999999999 1.6622851967175651 0.067367802 0.05
934.0 0 15 0.11163799999999999 1.6577740631463451 0.067342108 0.05
934.5 0 15 0.11129149999999999 1.653259485866255 0.067316414 0.05
935.0 0 15 0.11094499999999999 1.6487414609325028 0.06729072 0.05
935.5 0 15 0.11059849999999999 1.6442199843942673 0.06726502599999999 0.05
936.0 0 15 0.11025199999999999 1.6396950522946896 0.067239332 0.05
936.5 0 15 0.10990549999999999 1.6351666606708595 0.06721363799999999 0.05
937.0 0 15 0.10955899999999999 1.6306348055538058 0.06718794399999999 0.05
937.5 0 15 0.10921249999999999 1.6260994829684827 0.06716225 0.05
938.0 0 15 0.10886599999999999 1.6215606889337604 0.06713655600000001 0.05
938.5 0 15 0.10851949999999999 1.617018419462411 0.06711086200000001 0.05
939.0 0 15 0.10817299999999999 1.6124726705610992 0.067085168 0.05
939.5 0 15 0.10782649999999999 1.6079234382303682 0.06705947400000001 0.05
940.0 0 15 0.10747999999999999 1.6033707184646306 0.06703378 0.05
940.5 0 15 0.10713349999999999 1.5988145072521547 0.067008086 0.05
941.0 0 15 0.10678699999999999 1.5942548005750525 0.06698239199999999 0.05
941.5 0 15 0.1064405 1.5896915944092702 0.066956698 0.05
942.0 0 15 0.106094 1.5851248847245738 0.066931004 0.05
942.5 0 15 0.10574749999999998 1.5805546674845388 0.06690531 0.05
943.0 0 15 0.10540099999999998 1.5759809386465373 0.066879616 0.05
943.5 0 15 0.10505449999999998 1.5714036941617275 0.066853922 0.05
944.0 0 15 0.10470799999999998 1.5668229299750396 0.066828228 0.05
944.5 0 15 0.10436149999999998 1.5622386420251662 0.066802534 0.05
945.0 0 15 0.10401499999999998 1.5576508262445479 0.06677684 0.05
945.5 0 15 0.10366849999999998 1.553059478559364 0.066751146 0.05
946.0 0 15 0.10332199999999998 1.548464594889518 0.066725452 0.05
946.5 0 15 0.10297549999999998 1.5438661711486268 0.066699758 0.05
947.0 0 15 0.10262899999999998 1.5392642032440076 0.066674064 0.05
947.5 0 15 0.10228249999999998 1.534658687076668 0.06664836999999998 0.05
948.0 0 15 0.10193599999999998 1.5300496185412904 0.06662267599999999 0.05
948.5 0 15 0.10158949999999999 1.5254369935262229 0.066596982 0.05
949.0 0 15 0.10124299999999999 1.5208208079134653 0.066571288 0.05
949.5 0 15 0.10089649999999999 1.5162010575786578 0.06654559400000001 0.05
950.0 0 15 0.10054999999999999 1.5115777383910678 0.06651989999999999 0.05
950.5 0 15 0.10020349999999999 1.506950846213578 0.066494206 0.05
951.0 0 15 0.09985699999999999 1.5023203769026754 0.066468512 0.05
951.5 0 15 0.09951049999999999 1.4976863263084355 0.066442818 0.05
952.0 0 15 0.09916399999999999 1.4930486902745141 0.066417124 0.05
952.5 0 15 0.09881749999999999 1.4884074646381316 0.06639143 0.05
953.0 0 15 0.09847099999999999 1.4837626452300627 0.066365736 0.05
953.5 0 15 0.09812449999999999 1.4791142278746219 0.066340042 0.05
954.0 0 15 0.09777799999999999 1.4744622083896535 0.066314348 0.05
954.5 0 15 0.09743149999999999 1.469806582586516 0.066288654 0.05
955.0 0 15 0.09708499999999999 1.465147346270073 0.06626296 0.05
955.5 0 15 0.09673849999999999 1.460484495238677 0.066237266 0.05
956.0 0 15 0.09639199999999999 1.4558180252841602 0.066211572 0.05
956.5 0 15 0.09604549999999999 1.4511479321918188 0.066185878 0.05
957.0 0 15 0.09569899999999999 1.4464742117404026 0.066160184 0.05
957.5 0 15 0.09535249999999999 1.4417968597021007 0.06613449 0.05
958.0 0 15 0.095006 1.4371158718425305 0.066108796 0.05
958.5 0 15 0.0946595 1.4324312439207225 0.066083102 0.05
959.0 0 15 0.094313 1.4277429716891101 0.066057408 0.05
959.5 0 15 0.0939665 1.4230510508935144 0.066031714 0.05
960.0 0 15 0.09362 1.4183554772731335 0.06600602 0.05
960.5 0 15 0.0932735 1.4136562465605276 0.065980326 0.05
961.0 0 15 0.092927 1.408953354481608 0.06595463199999999 0.05
961.5 0 15 0.09258049999999998 1.4042467967556218 0.06592893799999999 0.05
962.0 0 15 0.09223399999999998 1.3995365690951418 0.065903244 0.05
962.5 0 15 0.09188749999999998 1.394822667206051 0.06587754999999999 0.05
963.0 0 15 0.09154099999999998 1.3901050867875309 0.065851856 0.05
963.5 0 15 0.09119449999999998 1.385383823532048 0.065826162 0.05
964.0 0 15 0.09084799999999998 1.3806588731253397 0.065800468 0.05
964.5 0 15 0.09050149999999998 1.3759302312464046 0.06577477399999998 0.05
965.0 0 15 0.09015499999999999 1.3711978935674838 0.06574908 0.05
965.5 0 15 0.08980849999999999 1.3664618557540538 0.065723386 0.05
966.0 0 15 0.08946199999999999 1.3617221134648076 0.065697692 0.05
966.5 0 15 0.08911549999999999 1.3569786623516462 0.06567199800000001 0.05
967.0 0 15 0.08876899999999999 1.352231498059662 0.06564630400000002 0.05
967.5 0 15 0.08842249999999999 1.3474806162271273 0.06562061 0.05
968.0 0 15 0.08807599999999999 1.3427260124854796 0.065594916 0.05
968.5 0 15 0.08772949999999999 1.3379676824593099 0.065569222 0.05
969.0 0 15 0.08738299999999999 1.333205621766347 0.065543528 0.05
969.5 0 15 0.08703649999999999 1.3284398260174473 0.065517834 0.05
970.0 0 15 0.08668999999999999 1.3236702908165772 0.06549214 0.05
970.5 0 15 0.08634349999999999 1.3188970117608032 0.065466446 0.05
971.0 0 15 0.08599699999999999 1.3141199844402767 0.06544075199999999 0.05
971.5 0 15 0.08565049999999999 1.3093392044382197 0.065415058 0.05
972.0 0 15 0.08530399999999999 1.3045546673309134 0.06538936399999999 0.05
972.5 0 15 0.08495749999999999 1.2997663686876821 0.06536367 0.05
973.0 0 15 0.08461099999999999 1.294974304070882 0.065337976 0.05
973.5 0 15 0.08426449999999999 1.290178469035885 0.065312282 0.05
974.0 0 15 0.08391799999999999 1.2853788591310669 0.06528658799999999 0.05
974.5 0 15 0.08357149999999999 1.280575469897792 0.065260894 0.05
975.0 0 15 0.083225 1.2757682968704014 0.0652352 0.05
975.5 0 15 0.0828785 1.2709573355761965 0.065209506 0.05
976.0 0 15 0.082532 1.266142581535428 0.065183812 0.05
976.5 0 15 0.0821855 1.2613240302612791 0.065158118 0.05
977.0 0 15 0.081839 1.2565016772598545 0.065132424 0.05
977.5 0 15 0.0814925 1.2516755180301635 0.06510673 0.05
978.0 0 15 0.081146 1.246845548064109 0.065081036 0.05
978.5 0 15 0.0807995 1.24201176284647 0.065055342 0.05
979.0 0 15 0.080453 1.2371741578548912 0.065029648 0.05
979.5 0 15 0.0801065 1.2323327285598658 0.06500395399999999 0.05
980.0 0 15 0.07976 1.2274874704247236 0.06497826 0.05
980.5 0 15 0.0794135 1.2226383789056157 0.06495256599999999 0.05
981.0 0 15 0.079067 1.2177854494515 0.064926872 0.05
981.5 0 15 0.0787205 1.2129286775041281 0.06490117799999999 0.05
982.0 0 15 0.078374 1.20806805849803 0.064875484 0.05
982.5 0 15 0.0780275 1.2032035878605005 0.06484978999999999 0.05
983.0 0 15 0.077681 1.1983352610115843 0.064824096 0.05
983.5 0 15 0.0773345 1.1934630733640625 0.06479840199999999 0.05
984.0 0 15 0.076988 1.1885870203234363 0.064772708 0.05
984.5 0 15 0.0766415 1.1837070972879153 0.06474701399999999 0.05
985.0 0 15 0.076295 1.1788232996484003 0.06472132 0.05
985.5 0 15 0.0759485 1.1739356227884712 0.06469562599999999 0.05
986.0 0 15 0.075602 1.1690440620843703 0.064669932 0.05
986.5 0 15 0.0752555 1.1641486129049894 0.064644238 0.05
987.0 0 15 0.074909 1.1592492706118542 0.064618544 0.05
987.5 0 15 0.0745625 1.15434603055911 0.06459285 0.05
988.0 0 15 0.074216 1.149438888093507 0.064567156 0.05
988.5 0 15 0.0738695 1.1445278385543856 0.064541462 0.05
989.0 0 15 0.073523 1.1396128772736613 0.064515768 0.05
989.5 0 15 0.0731765 1.134693999575811 0.06449007399999998 0.05
990.0 0 15 0.07283 1.1297712007778562 0.06446437999999999 0.05
990.5 0 15 0.0724835 1.1248444761893501 0.064438686 0.05
991.0 0 15 0.072137 1.1199138211123623 0.06441299199999999 0.05
991.5 0 15 0.07179050000000001 1.114979230841462 0.064387298 0.05
992.0 0 15 0.071444 1.1100407006637063 0.06436160399999999 0.05
992.5 0 15 0.0710975 1.1050982258586224 0.06433591 0.05
993.0 0 15 0.070751 1.1001518016981937 0.06431021599999999 0.05
993.5 0 15 0.0704045 1.0952014234468446 0.064284522 0.05
994.0 0 15 0.070058 1.0902470863614258 0.06425882799999999 0.05
994.5 0 15 0.0697115 1.085288785691198 0.064233134 0.05
995.0 0 15 0.069365 1.0803265166778182 0.06420743999999999 0.05
995.5 0 15 0.0690185 1.075360274555323 0.06418174599999998 0.05
996.0 0 15 0.068672 1.0703900545501148 0.06415605199999999 0.05
996.5 0 15 0.0683255 1.0654158518809453 0.064130358 0.05
997.0 0 15 0.067979 1.060437661758901 0.06410466399999999 0.05
997.5 0 15 0.0676325 1.0554554793873872 0.06407897 0.05
998.0 0 15 0.067286 1.0504692999621128 0.06405327599999999 0.05
998.5 0 15 0.0669395 1.0454791186710752 0.064027582 0.05
999.0 0 15 0.066593 1.0404849306945445 0.064001888 0.05
999.5 0 15 0.0662465 1.035486731205048 0.063976194 0.05
1000.0 0 15 0.0659 1.0304845153673545 0.0639505 0.05
1000.5 0 15 0.06579675 1.0294878583941793 0.06391211849999999 0.05
1001.0 0 15 0.0656935 1.0284900036457865 0.063873737 0.05
1001.5 0 15 0.06559025 1.0274909489616613 0.0638353555 0.05
1002.0 0 15 0.065487 1.02649069217609 0.06379697399999999 0.05
1002.5 0 15 0.06538375 1.0254892311181432 0.06375859249999999 0.05
1003.0 0 15 0.0652805 1.0244865636116618 0.063720211 0.05
1003.5 0 15 0.06517725 1.0234826874752398 0.0636818295 0.05
1004.0 0 15 0.065074 1.0224776005222096 0.06364344799999999 0.05
1004.5 0 15 0.06497075 1.0214713005606244 0.06360506649999999 0.05
1005.0 0 15 0.0648675 1.0204637853932448 0.063566685 0.05
1005.5 0 15 0.06476425 1.019455052817521 0.06352830349999998 0.05
1006.0 0 15 0.064661 1.0184451006255766 0.06348992199999999 0.05
1006.5 0 15 0.06455775 1.0174339266041932 0.0634515405 0.05
1007.0 0 15 0.0644545 1.016421528534795 0.063413159 0.05
1007.5 0 15 0.06435125 1.015407904193431 0.06337477749999999 0.05
1008.0 0 15 0.064248 1.014393051350759 0.06333639599999999 0.05
1008.5 0 15 0.06414475 1.0133769677720301 0.0632980145 0.05
1009.0 0 15 0.0640415 1.0123596512170725 0.063259633 0.05
1009.5 0 15 0.06393825 1.011341099440273 0.06322125149999999 0.05
1010.0 0 15 0.063835 1.010321310190563 0.06318286999999999 0.05
1010.5 0 15 0.06373175 1.0093002812113998 0.0631444885 0.05
1011.0 0 15 0.0636285 1.0082780102407523 0.063106107 0.05
1011.5 0 15 0.06352525 1.0072544950110816 0.06306772549999999 0.05
1012.0 0 15 0.063422 1.006229733249326 0.063029344 0.05
1012.5 0 15 0.06331875000000001 1.0052037226768842 0.0629909625 0.05
1013.0 0 15 0.0632155 1.0041764610095971 0.06295258099999998 0.05
1013.5 0 15 0.06311225 1.0031479459577326 0.06291419949999999 0.05
1014.0 0 15 0.063009 1.0021181752259667 0.062875818 0.05
1014.5 0 15 0.06290575 1.0010871465133686 0.0628374365 0.05
1015.0 0 15 0.0628025 1.0000548575133814 0.06279905499999999 0.05
1015.5 1 15 0.06269925 0.9990213059138062 0.06276067349999997 0.05
1016.0 1 15 0.062596 0.9979864893967841 0.062722292 0.05
1016.5 1 15 0.06249275 0.9969504056387803 0.0626839105 0.05
1017.0 1 15 0.0623895 0.9959130523105649 0.06264552899999999 0.05
1017.5 1 15 0.06228625 0.994874427077196 0.0626071475 0.05
1018.0 1 15 0.062183 0.9938345275980032 0.062568766 0.05
1018.5 1 15 0.06207975 0.9927933515265688 0.0625303845 0.05
1019.0 1 15 0.061976500000000004 0.9917508965107105 0.06249200299999999 0.05
1019.5 1 15 0.06187325 0.9907071601924639 0.06245362149999999 0.05
1020.0 1 15 0.06177 0.9896621402080646 0.06241523999999999 0.05
1020.5 1 15 0.06166675 0.9886158341879305 0.06237685849999999 0.05
1021.0 1 15 0.0615635 0.9875682397566434 0.06233847699999999 0.05
1021.5 1 15 0.06146025 0.9865193545329318 0.062300095499999986 0.05
1022.0 1 15 0.061357 0.9854691761296518 0.062261713999999996 0.05
1022.5 1 15 0.06125375 0.9844177021537701 0.062223332500000006 0.05
1023.0 1 15 0.061150499999999997 0.9833649302063453 0.06218495099999999 0.05
1023.5 1 15 0.06104725 0.9823108578825095 0.0621465695 0.05
1024.0 1 15 0.060944 0.9812554827714504 0.062108187999999995 0.05
1024.5 1 15 0.06084075 0.9801988024563923 0.0620698065 0.05
1025.0 1 15 0.0607375 0.9791408145145788 0.062031424999999994 0.05
1025.5 1 15 0.06063425 0.9780815165172525 0.06199304349999999 0.05
1026.0 1 15 0.060531 0.9770209060296384 0.06195466199999999 0.05
1026.5 1 15 0.06042775 0.9759589806109236 0.0619162805 0.05
1027.0 1 15 0.0603245 0.9748957378142398 0.06187789899999999 0.05
1027.5 1 15 0.060221250000000004 0.9738311751866435 0.061839517499999996 0.05
1028.0 1 15 0.060118 0.9727652902690981 0.061801135999999986 0.05
1028.5 1 15 0.06001475 0.971698080596454 0.061762754499999996 0.05
1029.0 1 15 0.0599115 0.9706295436974305 0.061724373000000006 0.05
1029.5 1 15 0.05980825 0.9695596770945962 0.06168599149999999 0.05
1030.0 1 15 0.059705 0.9684884783043496 0.06164761 0.05
1030.5 1 15 0.05960175 0.9674159448369006 0.061609228499999995 0.05
1031.0 1 15 0.0594985 0.9663420741962507 0.061570847 0.05
1031.5 1 15 0.05939525 0.965266863880174 0.061532465499999994 0.05
1032.0 1 15 0.059292 0.9641903113801972 0.06149408399999999 0.05
1032.5 1 15 0.05918875 0.9631124141815807 0.061455702499999994 0.05
1033.0 1 15 0.0590855 0.9620331697632986 0.061417321 0.05
1033.5 1 15 0.05898225 0.9609525755980194 0.06137893949999999 0.05
1034.0 1 15 0.058879 0.9598706291520858 0.061340557999999996 0.05
1034.5 1 15 0.05877575 0.9587873278854953 0.0613021765 0.05
1035.0 1 15 0.0586725 0.9577026692518804 0.061263794999999996 0.05
1035.5 1 15 0.05856925 0.9566166506984882 0.0612254135 0.05
1036.0 1 15 0.058466 0.9555292696661607 0.06118703199999999 0.05
1036.5 1 15 0.05836275 0.9544405235893145 0.0611486505 0.05
1037.0 1 15 0.0582595 0.9533504098959211 0.061110269 0.05
1037.5 1 15 0.05815625 0.9522589260074859 0.061071887500000005 0.05
1038.0 1 15 0.058053 0.9511660693390284 0.061033505999999994 0.05
1038.5 1 15 0.05794975 0.9500718372990615 0.06099512449999999 0.05
1039.0 1 15 0.0578465 0.9489762272895716 0.060956742999999994 0.05
1039.5 1 15 0.057743249999999996 0.947879236705997 0.0609183615 0.05
1040.0 1 15 0.05764 0.9467808629372085 0.06087997999999999 0.05
1040.5 1 15 0.05753675 0.9456811033654877 0.06084159849999999 0.05
1041.0 1 15 0.0574335 0.9445799553665063 0.06080321700000001 0.05
1041.5 1 15 0.05733025 0.9434774163093061 0.06076483549999999 0.05
1042.0 1 15 0.057227 0.9423734835562768 0.060726454 0.05
1042.5 1 15 0.05712375 0.9412681544631362 0.06068807249999999 0.05
1043.0 1 15 0.0570205 0.9401614263789078 0.060649691 0.05
1043.5 1 15 0.05691725 0.9390532966459009 0.060611309499999995 0.05
1044.0 1 15 0.056814 0.9379437625996881 0.060572928 0.05
1044.5 1 15 0.056710750000000004 0.9368328215690855 0.06053454649999999 0.05
1045.0 1 15 0.0566075 0.9357204708761291 0.06049616499999999 0.05
1045.5 1 15 0.05650425 0.9346067078360555 0.0604577835 0.05
1046.0 1 15 0.056401 0.933491529757279 0.06041940199999999 0.05
1046.5 1 15 0.05629775 0.9323749339413698 0.0603810205 0.05
1047.0 1 15 0.0561945 0.9312569176830334 0.060342639 0.05
1047.5 1 15 0.05609125 0.9301374782700873 0.0603042575 0.05
1048.0 1 15 0.055987999999999996 0.9290166129834403 0.060265875999999996 0.05
1048.5 1 15 0.05588475 0.9278943190970695 0.06022749449999999 0.05
1049.0 1 15 0.0557815 0.9267705938779992 0.060189113 0.05
1049.5 1 15 0.05567825 0.9256454345862777 0.06015073149999999 0.05
1050.0 1 15 0.055575 0.9245188384749558 0.060112349999999995 0.05
1050.5 1 15 0.05547175 0.9233908027900638 0.0600739685 0.05
1051.0 1 15 0.0553685 0.9222613247705899 0.060035587 0.05
1051.5 1 15 0.05526525 0.9211304016484568 0.05999720549999999 0.05
1052.0 1 15 0.055162 0.9199980306484997 0.059958824 0.05
1052.5 1 15 0.05505875 0.9188642089884433 0.05992044249999999 0.05
1053.0 1 15 0.0549555 0.917728933878879 0.059882061 0.05
1053.5 1 15 0.05485225 0.9165922025232422 0.05984367949999999 0.05
1054.0 1 15 0.054749 0.9154540121177893 0.05980529799999999 0.05
1054.5 1 15 0.05464575 0.9143143598515745 0.05976691649999999 0.05
1055.0 1 15 0.0545425 0.9131732429064265 0.059728535 0.05
1055.5 1 15 0.05443925 0.9120306584569263 0.059690153499999996 0.05
1056.0 1 15 0.054336 0.9108866036703822 0.059651772 0.05
1056.5 1 15 0.054232749999999996 0.9097410757068077 0.0596133905 0.05
1057.0 1 15 0.0541295 0.908594071718898 0.059575009000000005 0.05
1057.5 1 15 0.05402625 0.9074455888520053 0.05953662750000001 0.05
1058.0 1 15 0.053923 0.9062956242441164 0.059498246 0.05
1058.5 1 15 0.05381975 0.9051441750258277 0.0594598645 0.05
1059.0 1 15 0.0537165 0.9039912383203227 0.05942148299999999 0.05
1059.5 1 15 0.05361325 0.9028368112433467 0.05938310150000001 0.05
1060.0 1 15 0.05351 0.901680890903184 0.059344720000000004 0.05
1060.5 1 15 0.05340675 0.9005234744006326 0.0593063385 0.05
1061.0 1 15 0.0533035 0.8993645588289807 0.059267956999999996 0.05
1061.5 1 15 0.05320025 0.8982041412739823 0.05922957549999999 0.05
1062.0 1 15 0.053097 0.8970422188138323 0.05919119400000001 0.05
1062.5 1 15 0.05299375 0.8958787885191427 0.0591528125 0.05
1063.0 1 15 0.0528905 0.8947138474529172 0.059114431 0.05
1063.5 1 15 0.05278725 0.8935473926705272 0.05907604949999999 0.05
1064.0 1 15 0.052684 0.8923794212196864 0.059037668 0.05
1064.5 1 15 0.05258075 0.8912099301404265 0.0589992865 0.05
1065.0 1 15 0.052477499999999996 0.8900389164650712 0.058960905 0.05
1065.5 1 15 0.05237425 0.8888663772182126 0.0589225235 0.05
1066.0 1 15 0.052271 0.8876923094166846 0.05888414200000001 0.05
1066.5 1 15 0.05216775 0.8865167100695385 0.0588457605 0.05
1067.0 1 15 0.0520645 0.8853395761780167 0.05880737900000001 0.05
1067.5 1 15 0.05196125 0.8841609047355282 0.0587689975 0.05
1068.0 1 15 0.051858 0.8829806927276227 0.05873061599999999 0.05
1068.5 1 15 0.05175475 0.8817989371319642 0.0586922345 0.05
1069.0 1 15 0.0516515 0.8806156349183063 0.058653853000000006 0.05
1069.5 1 15 0.05154825 0.8794307830484652 0.0586154715 0.05
1070.0 1 15 0.051445 0.8782443784762951 0.05857709 0.05
1070.5 1 15 0.05134175 0.8770564181476603 0.05853870850000001 0.05
1071.0 1 15 0.0512385 0.8758668990004107 0.058500327000000005 0.05
1071.5 1 15 0.05113525 0.8746758179643542 0.05846194550000001 0.05
1072.0 1 15 0.051032 0.8734831719612313 0.058423564 0.05
1072.5 1 15 0.05092875 0.8722889579046875 0.05838518250000001 0.05
1073.0 1 15 0.050825499999999996 0.8710931727002478 0.058346801000000004 0.05
1073.5 1 15 0.050722249999999997 0.8698958132452895 0.0583084195 0.05
1074.0 1 15 0.050619 0.8686968764290147 0.05827003800000001 0.05
1074.5 1 15 0.05051575 0.8674963591324248 0.0582316565 0.05
1075.0 1 15 0.0504125 0.8662942582282918 0.058193275 0.05
1075.5 1 15 0.05030925 0.8650905705811326 0.058154893500000006 0.05
1076.0 1 15 0.050206 0.8638852930471808 0.058116512 0.05
1076.5 1 15 0.05010275 0.8626784224743598 0.0580781305 0.05
1077.0 1 15 0.0499995 0.861469955702255 0.058039749 0.05
1077.5 1 15 0.04989625 0.8602598895620867 0.058001367500000005 0.05
1078.0 1 15 0.049793 0.8590482208766814 0.05796298600000001 0.05
1078.5 1 15 0.04968975 0.8578349464604458 0.057924604500000004 0.05
1079.0 1 15 0.0495865 0.8566200631193367 0.057886223 0.05
1079.5 1 15 0.04948325 0.8554035676508344 0.057847841500000004 0.05
1080.0 1 15 0.04938 0.8541854568439144 0.05780946 0.05
1080.5 1 15 0.04927675 0.8529657274790188 0.0577710785 0.05
1081.0 1 15 0.0491735 0.8517443763280278 0.057732697 0.05
1081.5 1 15 0.049070249999999996 0.8505214001542317 0.05769431550000001 0.05
1082.0 1 15 0.048967 0.8492967957123025 0.05765593399999999 0.05
1082.5 1 15 0.04886375 0.8480705597482642 0.057617552499999995 0.05
1083.0 1 15 0.0487605 0.8468426889994648 0.057579171 0.05
1083.5 1 15 0.04865725 0.845613180194547 0.0575407895 0.05
1084.0 1 15 0.048554 0.8443820300534196 0.057502408 0.05
1084.5 1 15 0.04845075 0.843149235287228 0.0574640265 0.05
1085.0 1 15 0.0483475 0.8419147925983242 0.05742564500000001 0.05
1085.5 1 15 0.04824425 0.8406786986802394 0.05738726350000001 0.05
1086.0 1 15 0.048140999999999996 0.8394409502176519 0.057348882000000004 0.05
1086.5 1 15 0.04803775 0.8382015438863598 0.05731050050000001 0.05
1087.0 1 15 0.0479345 0.8369604763532495 0.057272119 0.05
1087.5 1 15 0.04783125 0.8357177442762671 0.05723373749999999 0.05
1088.0 1 15 0.047728 0.8344733443043871 0.057195356 0.05
1088.5 1 15 0.04762475 0.8332272730775839 0.0571569745 0.05
1089.0 1 15 0.0475215 0.8319795272267998 0.05711859300000001 0.05
1089.5 1 15 0.047418249999999995 0.8307301033739161 0.057080211500000005 0.05
1090.0 1 15 0.047314999999999996 0.8294789981317219 0.057041829999999995 0.05
1090.5 1 15 0.04721175 0.8282262081038833 0.05700344850000001 0.05
1091.0 1 15 0.0471085 0.8269717298849134 0.056965067 0.05
1091.5 1 15 0.04700525 0.8257155600601408 0.0569266855 0.05
1092.0 1 15 0.046902 0.8244576952056788 0.056888304 0.05
1092.5 1 15 0.04679875 0.8231981318883943 0.05684992250000001 0.05
1093.0 1 15 0.0466955 0.821936866665877 0.056811541 0.05
1093.5 1 15 0.04659225 0.8206738960864068 0.0567731595 0.05
1094.0 1 15 0.046489 0.8194092166889241 0.056734778 0.05
1094.5 1 15 0.04638575 0.8181428250029965 0.0566963965 0.05
1095.0 1 15 0.0462825 0.8168747175487879 0.05665801500000001 0.05
1095.5 1 15 0.04617925 0.8156048908370274 0.0566196335 0.05
1096.0 1 15 0.046076 0.814333341368975 0.056581252000000005 0.05
1096.5 1 15 0.04597275 0.8130600656363918 0.056542870499999995 0.05
1097.0 1 15 0.0458695 0.8117850601215064 0.056504489000000005 0.05
1097.5 1 15 0.04576625 0.8105083212969834 0.056466107499999994 0.05
1098.0 1 15 0.045662999999999995 0.8092298456258895 0.056427726000000004 0.05
1098.5 1 15 0.045559749999999996 0.8079496295616629 0.0563893445 0.05
1099.0 1 15 0.0454565 0.8066676695480784 0.056350963000000004 0.05
1099.5 1 15 0.04535325 0.8053839620192158 0.0563125815 0.05
1100.0 1 15 0.04525 0.8040985033994263 0.0562742 0.05
1100.5 1 15 0.04514675 0.8025145203147622 0.05625661450000001 0.05
1101.0 1 15 0.0450435 0.8009295466321085 0.056239028999999996 0.05
1101.5 1 15 0.04494025 0.7993435814219177 0.0562214435 0.05
1102.0 1 15 0.044837 0.7977566237534797 0.05620385800000001 0.05
1102.5 1 15 0.044733749999999996 0.7961686726949184 0.056186272499999995 0.05
1103.0 1 15 0.0446305 0.7945797273131914 0.056168686999999995 0.05
1103.5 1 15 0.04452725 0.7929897866740868 0.0561511015 0.05
1104.0 1 15 0.044424 0.7913988498422225 0.056133516 0.05
1104.5 1 15 0.04432075 0.7898069158810438 0.0561159305 0.05
1105.0 1 15 0.0442175 0.7882139838528213 0.056098345 0.05
1105.5 1 15 0.04411425 0.7866200528186499 0.056080759499999994 0.05
1106.0 1 15 0.044011 0.7850251218384461 0.056063174 0.05
1106.5 1 15 0.043907749999999995 0.7834291899709465 0.05604558850000001 0.05
1107.0 1 15 0.043804499999999996 0.7818322562737064 0.05602800300000001 0.05
1107.5 1 15 0.04370125 0.7802343198030972 0.056010417500000007 0.05
1108.0 1 15 0.043598 0.7786353796143048 0.055992832 0.05
1108.5 1 15 0.04349475 0.7770354347613279 0.055975246500000006 0.05
1109.0 1 15 0.0433915 0.7754344842969758 0.055957661 0.05
1109.5 1 15 0.04328825 0.7738325272728671 0.05594007550000001 0.05
1110.0 1 15 0.043185 0.7722295627394273 0.05592249 0.05
1110.5 1 15 0.04308175 0.7706255897458871 0.055904904500000005 0.05
1111.0 1 15 0.042978499999999996 0.7690206073402804 0.055887319 0.05
1111.5 1 15 0.04287525 0.7674146145694429 0.0558697335 0.05
1112.0 1 15 0.042772 0.7658076104790096 0.05585214800000001 0.05
1112.5 1 15 0.04266875 0.7641995941134131 0.055834562500000004 0.05
1113.0 1 15 0.0425655 0.7625905645158819 0.055816977000000004 0.05
1113.5 1 15 0.04246225 0.7609805207284384 0.055799391500000003 0.05
1114.0 1 15 0.042359 0.7593694617918968 0.055781806 0.05
1114.5 1 15 0.04225575 0.7577573867458616 0.0557642205 0.05
1115.0 1 15 0.042152499999999996 0.756144294628725 0.055746635 0.05
1115.5 1 15 0.042049249999999996 0.7545301844776663 0.0557290495 0.05
1116.0 1 15 0.041946 0.7529150553286482 0.05571146400000001 0.05
1116.5 1 15 0.04184275 0.7512989062164165 0.0556938785 0.05
1117.0 1 15 0.0417395 0.7496817361744971 0.055676293 0.05
1117.5 1 15 0.04163625 0.7480635442351944 0.05565870750000001 0.05
1118.0 1 15 0.041533 0.7464443294295898 0.055641122 0.05
1118.5 1 15 0.04142975 0.7448240907875392 0.0556235365 0.05
1119.0 1 15 0.0413265 0.7432028273376712 0.055605950999999994 0.05
1119.5 1 15 0.041223249999999996 0.741580538107385 0.05558836550000001 0.05
1120.0 1 15 0.04112 0.7399572221228494 0.05557077999999999 0.05
1120.5 1 15 0.04101675 0.7383328784089994 0.05555319450000001 0.05
1121.0 1 15 0.0409135 0.7367075059895355 0.055535609 0.05
1121.5 1 15 0.04081025 0.7350811038869205 0.055518023500000006 0.05
1122.0 1 15 0.040707 0.7334536711223791 0.055500438000000006 0.05
1122.5 1 15 0.04060375 0.7318252067158947 0.05548285250000001 0.05
1123.0 1 15 0.040500499999999995 0.7301957096862076 0.055465267000000006 0.05
1123.5 1 15 0.040397249999999996 0.7285651790508137 0.055447681500000005 0.05
1124.0 1 15 0.040293999999999996 0.7269336138259619 0.055430096000000005 0.05
1124.5 1 15 0.04019075 0.7253010130266521 0.055412510500000005 0.05
1125.0 1 15 0.0400875 0.7236673756666336 0.055394925000000005 0.05
1125.5 1 15 0.03998425 0.7220327007584031 0.055377339500000004 0.05
1126.0 1 15 0.039881 0.7203969873132022 0.055359754000000004 0.05
1126.5 1 15 0.03977775 0.7187602343410161 0.0553421685 0.05
1127.0 1 15 0.0396745 0.7171224408505709 0.055324583000000004 0.05
1127.5 1 15 0.03957125 0.7154836058493321 0.0553069975 0.05
1128.0 1 15 0.039467999999999996 0.7138437283435026 0.055289412 0.05
1128.5 1 15 0.03936475 0.7122028073380204 0.05527182650000001 0.05
1129.0 1 15 0.0392615 0.7105608418365569 0.055254240999999996 0.05
1129.5 1 15 0.03915825 0.7089178308415143 0.0552366555 0.05
1130.0 1 15 0.039055 0.7072737733540242 0.05521907000000001 0.05
1130.5 1 15 0.03895175 0.7056286683739457 0.055201484499999995 0.05
1131.0 1 15 0.0388485 0.7039825148998624 0.055183898999999995 0.05
1131.5 1 15 0.038745249999999995 0.7023353119290814 0.0551663135 0.05
1132.0 1 15 0.038641999999999996 0.700687058457631 0.055148728 0.05
1132.5 1 15 0.03853875 0.6990377534802584 0.055131142499999994 0.05
1133.0 1 15 0.0384355 0.6973873959904275 0.055113556999999994 0.05
1133.5 1 15 0.03833225 0.6957359849803174 0.05509597150000001 0.05
1134.0 1 15 0.038229 0.6940835194408203 0.05507838599999999 0.05
1134.5 1 15 0.03812575 0.6924299983615385 0.05506080050000001 0.05
1135.0 1 15 0.0380225 0.690775420730784 0.055043215 0.05
1135.5 1 15 0.03791925 0.6891197855355747 0.055025629500000006 0.05
1136.0 1 15 0.037815999999999995 0.6874630917616338 0.055008044000000006 0.05
1136.5 1 15 0.037712749999999996 0.6858053383933868 0.054990458500000006 0.05
1137.0 1 15 0.0376095 0.6841465244139595 0.054972873000000005 0.05
1137.5 1 15 0.03750625 0.6824866488051763 0.054955287500000005 0.05
1138.0 1 15 0.037403 0.6808257105475579 0.054937702000000005 0.05
1138.5 1 15 0.03729975 0.6791637086203194 0.054920116500000005 0.05
1139.0 1 15 0.0371965 0.6775006420013678 0.054902531000000004 0.05
1139.5 1 15 0.037093249999999994 0.6758365096673001 0.054884945500000004 0.05
1140.0 1 15 0.036989999999999995 0.6741713105934019 0.054867360000000004 0.05
1140.5 1 15 0.036886749999999996 0.6725050437536437 0.05484977450000001 0.05
1141.0 1 15 0.0367835 0.6708377081206807 0.054832188999999996 0.05
1141.5 1 15 0.03668025 0.6691693026658488 0.0548146035 0.05
1142.0 1 15 0.036577 0.6674998263591643 0.054797018 0.05
1142.5 1 15 0.03647375 0.6658292781693201 0.0547794325 0.05
1143.0 1 15 0.0363705 0.6641576570636852 0.054761847 0.05
1143.5 1 15 0.03626725 0.6624849620083011 0.0547442615 0.05
1144.0 1 15 0.036164 0.6608111919678805 0.054726676 0.05
1144.5 1 15 0.03606075 0.6591363459058052 0.0547090905 0.05
1145.0 1 15 0.035957499999999996 0.6574604227841233 0.05469150500000001 0.05
1145.5 1 15 0.03585425 0.6557834215635482 0.0546739195 0.05
1146.0 1 15 0.035751 0.654105341203455 0.054656334 0.05
1146.5 1 15 0.03564775 0.6524261806618795 0.0546387485 0.05
1147.0 1 15 0.0355445 0.6507459388955157 0.05462116299999999 0.05
1147.5 1 15 0.03544125 0.6490646148597132 0.05460357749999999 0.05
1148.0 1 15 0.035337999999999994 0.6473822075084757 0.05458599199999999 0.05
1148.5 1 15 0.035234749999999995 0.6456987157944587 0.05456840650000001 0.05
1149.0 1 15 0.035131499999999996 0.644014138668967 0.054550821 0.05
1149.5 1 15 0.03502825 0.6423284750819525 0.0545332355 0.05
1150.0 1 15 0.034925 0.6406417239820125 0.05451565 0.05
1150.5 1 15 0.03482175 0.638953884316387 0.0544980645 0.05
1151.0 1 15 0.0347185 0.6372649550309569 0.05448047900000001 0.05
1151.5 1 15 0.03461525 0.6355749350702419 0.054462893500000005 0.05
1152.0 1 15 0.034512 0.6338838233773973 0.054445308000000005 0.05
1152.5 1 15 0.034408749999999995 0.6321916188942132 0.05442772250000001 0.05
1153.0 1 15 0.034305499999999996 0.6304983205611114 0.054410137000000004 0.05
1153.5 1 15 0.03420225 0.6288039273171436 0.054392551500000004 0.05
1154.0 1 15 0.034099 0.6271084380999888 0.054374966000000004 0.05
1154.5 1 15 0.03399575 0.6254118518459512 0.054357380500000003 0.05
1155.0 1 15 0.0338925 0.6237141674899582 0.05433979500000001 0.05
1155.5 1 15 0.03378925 0.6220153839655583 0.0543222095 0.05
1156.0 1 15 0.033686 0.6203155002049181 0.054304624 0.05
1156.5 1 15 0.033582749999999995 0.6186145151388207 0.0542870385 0.05
1157.0 1 15 0.033479499999999995 0.6169124276966638 0.054269453 0.05
1157.5 1 15 0.033376249999999996 0.6152092368064563 0.0542518675 0.05
1158.0 1 15 0.033273 0.6135049413948174 0.054234282 0.05
1158.5 1 15 0.03316975 0.6117995403869728 0.0542166965 0.05
1159.0 1 15 0.0330665 0.6100930327067542 0.054199110999999994 0.05
1159.5 1 15 0.03296325 0.6083854172765955 0.05418152550000001 0.05
1160.0 1 15 0.03286 0.6066766930175316 0.05416394000000001 0.05
1160.5 1 15 0.03275675 0.6049668588491954 0.05414635450000001 0.05
1161.0 1 15 0.032653499999999995 0.6032559136898161 0.054128769 0.05
1161.5 1 15 0.032550249999999996 0.6015438564562166 0.0541111835 0.05
1162.0 1 15 0.032447 0.5998306860638111 0.054093598 0.05
1162.5 1 15 0.03234375 0.5981164014266029 0.0540760125 0.05
1163.0 1 15 0.0322405 0.5964010014571826 0.054058427000000006 0.05
1163.5 1 15 0.03213725 0.594684485066725 0.0540408415 0.05
1164.0 1 15 0.032034 0.5929668511649872 0.054023256 0.05
1164.5 1 15 0.03193075 0.5912480986603064 0.05400567050000001 0.05
1165.0 1 15 0.0318275 0.5895282264595975 0.053988085000000005 0.05
1165.5 1 15 0.031724249999999996 0.5878072334683505 0.0539704995 0.05
1166.0 1 15 0.031620999999999996 0.5860851185906287 0.053952914000000005 0.05
1166.5 1 15 0.03151775 0.584361880729066 0.053935328500000004 0.05
1167.0 1 15 0.0314145 0.5826375187848645 0.053917743000000004 0.05
1167.5 1 15 0.03131125 0.5809120316577924 0.053900157500000004 0.05
1168.0 1 15 0.031208 0.5791854182461816 0.05388257200000001 0.05
1168.5 1 15 0.03110475 0.5774576774469256 0.053864986499999996 0.05
1169.0 1 15 0.031001499999999998 0.5757288081554762 0.053847400999999996 0.05
1169.5 1 15 0.03089825 0.5739988092658426 0.0538298155 0.05
1170.0 1 15 0.030795 0.5722676796705879 0.053812229999999996 0.05
1170.5 1 15 0.030691749999999997 0.570535418260827 0.0537946445 0.05
1171.0 1 15 0.030588499999999998 0.5688020239262247 0.053777059 0.05
1171.5 1 15 0.03048525 0.5670674955549927 0.0537594735 0.05
1172.0 1 15 0.030382 0.5653318320338876 0.053741887999999995 0.05
1172.5 1 15 0.03027875 0.5635950322482083 0.05372430250000001 0.05
1173.0 1 15 0.0301755 0.5618570950817939 0.053706717 0.05
1173.5 1 15 0.03007225 0.5601180194170211 0.053689131499999994 0.05
1174.0 1 15 0.029969 0.5583778041348016 0.05367154600000001 0.05
1174.5 1 15 0.02986575 0.5566364481145805 0.0536539605 0.05
1175.0 1 15 0.029762499999999997 0.5548939502343325 0.053636375 0.05
1175.5 1 15 0.029659249999999998 0.5531503093705612 0.0536187895 0.05
1176.0 1 15 0.029556 0.5514055243982953 0.053601204 0.05
1176.5 1 15 0.02945275 0.5496595941910866 0.0535836185 0.05
1177.0 1 15 0.0293495 0.5479125176210081 0.053566033 0.05
1177.5 1 15 0.029246249999999998 0.5461642935586508 0.0535484475 0.05
1178.0 1 15 0.029143 0.5444149208731217 0.053530862 0.05
1178.5 1 15 0.02903975 0.5426643984320414 0.0535132765 0.05
1179.0 1 15 0.0289365 0.5409127251015413 0.053495691000000005 0.05
1179.5 1 15 0.028833249999999998 0.5391598997462614 0.05347810550000001 0.05
1180.0 1 15 0.02873 0.5374059212293483 0.053460520000000004 0.05
1180.5 1 15 0.02862675 0.5356507884124514 0.053442934500000004 0.05
1181.0 1 15 0.0285235 0.5338945001557219 0.053425349000000004 0.05
1181.5 1 15 0.02842025 0.5321370553178097 0.053407763500000004 0.05
1182.0 1 15 0.028317 0.5303784527558607 0.053390178 0.05
1182.5 1 15 0.02821375 0.528618691325515 0.0533725925 0.05
1183.0 1 15 0.0281105 0.5268577698809036 0.053355007 0.05
1183.5 1 15 0.028007249999999997 0.5250956872746463 0.0533374215 0.05
1184.0 1 15 0.027903999999999998 0.5233324423578497 0.053319835999999995 0.05
1184.5 1 15 0.02780075 0.5215680339801037 0.0533022505 0.05
1185.0 1 15 0.0276975 0.5198024609894798 0.053284664999999995 0.05
1185.5 1 15 0.02759425 0.5180357222325283 0.0532670795 0.05
1186.0 1 15 0.027491 0.5162678165542757 0.053249494 0.05
1186.5 1 15 0.02738775 0.5144987427982222 0.0532319085 0.05
1187.0 1 15 0.0272845 0.5127284998063397 0.053214323 0.05
1187.5 1 15 0.02718125 0.5109570864190685 0.0531967375 0.05
1188.0 1 15 0.027077999999999998 0.5091845014753149 0.05317915200000001 0.05
1188.5 1 15 0.02697475 0.5074107438124495 0.05316156649999999 0.05
1189.0 1 15 0.0268715 0.5056358122663035 0.05314398099999999 0.05
1189.5 1 15 0.02676825 0.5038597056711668 0.0531263955 0.05
1190.0 1 15 0.026665 0.5020824228597854 0.05310881 0.05
1190.5 1 15 0.026561750000000002 0.5003039626633589 0.0530912245 0.05
1191.0 1 15 0.0264585 0.49852432391153734 0.053073639 0.05
1191.5 1 15 0.02635525 0.4967435054324197 0.0530560535 0.05
1192.0 1 15 0.026251999999999998 0.4949615060525503 0.053038468 0.05
1192.5 1 15 0.02614875 0.493178324596917 0.053020882500000005 0.05
1193.0 1 15 0.0260455 0.49139395988894796 0.053003297000000005 0.05
1193.5 1 15 0.02594225 0.48960841075050954 0.05298571150000001 0.05
1194.0 1 15 0.025839 0.48782167600190346 0.052968126000000004 0.05
1194.5 1 15 0.02573575 0.48603375446186425 0.052950540500000004 0.05
1195.0 1 15 0.025632500000000003 0.4842446449475568 0.052932955000000004 0.05
1195.5 1 15 0.02552925 0.48245434627457334 0.052915369500000003 0.05
1196.0 1 15 0.025426 0.4806628572569316 0.052897784 0.05
1196.5 1 15 0.025322749999999998 0.4788701767070711 0.05288019850000001 0.05
1197.0 1 15 0.0252195 0.47707630343585167 0.052862613 0.05
1197.5 1 15 0.02511625 0.4752812362525499 0.0528450275 0.05
1198.0 1 15 0.025013 0.4734849739648571 0.05282744200000001 0.05
1198.5 1 15 0.02490975 0.4716875153788763 0.052809856499999995 0.05
1199.0 1 15 0.024806500000000002 0.4698888592991198 0.05279227100000001 0.05
1199.5 1 15 0.02470325 0.4680890045285064 0.052774685499999995 0.05
1200.0 1 15 0.0246 0.4662879498683589 0.05275710000000001 0.05
