#mT Tbq kappa
600.0 0.114 0.2
600.5 0.11404 0.2
601.0 0.11408 0.2
601.5 0.11412 0.2
602.0 0.11416 0.2
602.5 0.11420000000000001 0.2
603.0 0.11424000000000001 0.2
603.5 0.11428 0.2
604.0 0.11432 0.2
604.5 0.11436 0.2
605.0 0.1144 0.2
605.5 0.11444 0.2
606.0 0.11448 0.2
606.5 0.11452 0.2
607.0 0.11456000000000001 0.2
607.5 0.11460000000000001 0.2
608.0 0.11464 0.2
608.5 0.11468 0.2
609.0 0.11472 0.2
609.5 0.11476 0.2
610.0 0.1148 0.2
610.5 0.11484 0.2
611.0 0.11488 0.2
611.5 0.11492000000000001 0.2
612.0 0.11496 0.2
612.5 0.115 0.2
613.0 0.11504 0.2
613.5 0.11508 0.2
614.0 0.11512 0.2
614.5 0.11516 0.2
615.0 0.1152 0.2
615.5 0.11524 0.2
616.0 0.11528000000000001 0.2
616.5 0.11532 0.2
617.0 0.11536 0.2
617.5 0.1154 0.2
618.0 0.11544 0.2
618.5 0.11548 0.2
619.0 0.11552 0.2
619.5 0.11556 0.2
620.0 0.1156 0.2
620.5 0.11563999999999999 0.2
621.0 0.11568 0.2
621.5 0.11572 0.2
622.0 0.11576 0.2
622.5 0.1158 0.2
623.0 0.11584 0.2
623.5 0.11588 0.2
624.0 0.11592 0.2
624.5 0.11596 0.2
625.0 0.11599999999999999 0.2
625.5 0.11604 0.2
626.0 0.11608 0.2
626.5 0.11612 0.2
627.0 0.11616 0.2
627.5 0.1162 0.2
628.0 0.11624 0.2
628.5 0.11628 0.2
629.0 0.11631999999999999 0.2
629.5 0.11635999999999999 0.2
630.0 0.1164 0.2
630.5 0.11644 0.2
631.0 0.11648 0.2
631.5 0.11652 0.2
632.0 0.11656 0.2
632.5 0.1166 0.2
633.0 0.11664 0.2
633.5 0.11667999999999999 0.2
634.0 0.11671999999999999 0.2
634.5 0.11676 0.2
635.0 0.1168 0.2
635.5 0.11684 0.2
636.0 0.11688 0.2
636.5 0.11692 0.2
637.0 0.11696 0.2
637.5 0.11699999999999999 0.2
638.0 0.11703999999999999 0.2
638.5 0.11707999999999999 0.2
639.0 0.11712 0.2
639.5 0.11716 0.2
640.0 0.1172 0.2
640.5 0.11724 0.2
641.0 0.11728 0.2
641.5 0.11732 0.2
642.0 0.11735999999999999 0.2
642.5 0.11739999999999999 0.2
643.0 0.11743999999999999 0.2
643.5 0.11748 0.2
644.0 0.11752 0.2
644.5 0.11756 0.2
645.0 0.1176 0.2
645.5 0.11764 0.2
646.0 0.11767999999999999 0.2
646.5 0.11771999999999999 0.2
647.0 0.11775999999999999 0.2
647.5 0.11779999999999999 0.2
648.0 0.11784 0.2
648.5 0.11788 0.2
649.0 0.11792 0.2
649.5 0.11796 0.2
650.0 0.118 0.2
650.5 0.117889 0.2
651.0 0.117778 0.2
651.5 0.117667 0.2
652.0 0.117556 0.2
652.5 0.117445 0.2
653.0 0.117334 0.2
653.5 0.117223 0.2
654.0 0.117112 0.2
654.5 0.117001 0.2
655.0 0.11689 0.2
655.5 0.116779 0.2
656.0 0.116668 0.2
656.5 0.116557 0.2
657.0 0.116446 0.2
657.5 0.116335 0.2
658.0 0.116224 0.2
658.5 0.116113 0.2
659.0 0.116002 0.2
659.5 0.115891 0.2
660.0 0.11578 0.2
660.5 0.115669 0.2
661.0 0.115558 0.2
661.5 0.115447 0.2
662.0 0.115336 0.2
662.5 0.115225 0.2
663.0 0.115114 0.2
663.5 0.115003 0.2
664.0 0.114892 0.2
664.5 0.114781 0.2
665.0 0.11467 0.2
665.5 0.114559 0.2
666.0 0.114448 0.2
666.5 0.114337 0.2
667.0 0.114226 0.2
667.5 0.114115 0.2
668.0 0.114004 0.2
668.5 0.113893 0.2
669.0 0.113782 0.2
669.5 0.113671 0.2
670.0 0.11356 0.2
670.5 0.113449 0.2
671.0 0.113338 0.2
671.5 0.113227 0.2
672.0 0.113116 0.2
672.5 0.113005 0.2
673.0 0.112894 0.2
673.5 0.112783 0.2
674.0 0.112672 0.2
674.5 0.112561 0.2
675.0 0.11245 0.2
675.5 0.112339 0.2
676.0 0.112228 0.2
676.5 0.112117 0.2
677.0 0.112006 0.2
677.5 0.111895 0.2
678.0 0.111784 0.2
678.5 0.111673 0.2
679.0 0.111562 0.2
679.5 0.111451 0.2
680.0 0.11134 0.2
680.5 0.111229 0.2
681.0 0.111118 0.2
681.5 0.111007 0.2
682.0 0.110896 0.2
682.5 0.110785 0.2
683.0 0.110674 0.2
683.5 0.110563 0.2
684.0 0.110452 0.2
684.5 0.110341 0.2
685.0 0.11023 0.2
685.5 0.110119 0.2
686.0 0.110008 0.2
686.5 0.109897 0.2
687.0 0.109786 0.2
687.5 0.109675 0.2
688.0 0.109564 0.2
688.5 0.109453 0.2
689.0 0.109342 0.2
689.5 0.109231 0.2
690.0 0.10912 0.2
690.5 0.109009 0.2
691.0 0.108898 0.2
691.5 0.108787 0.2
692.0 0.108676 0.2
692.5 0.108565 0.2
693.0 0.108454 0.2
693.5 0.108343 0.2
694.0 0.108232 0.2
694.5 0.108121 0.2
695.0 0.10801 0.2
695.5 0.107899 0.2
696.0 0.107788 0.2
696.5 0.107677 0.2
697.0 0.107566 0.2
697.5 0.107455 0.2
698.0 0.107344 0.2
698.5 0.107233 0.2
699.0 0.107122 0.2
699.5 0.107011 0.2
700.0 0.1069 0.2
700.5 0.106733 0.2
701.0 0.106566 0.2
701.5 0.106399 0.2
702.0 0.106232 0.2
702.5 0.10606499999999999 0.2
703.0 0.10589799999999999 0.2
703.5 0.10573099999999999 0.2
704.0 0.10556399999999999 0.2
704.5 0.10539699999999999 0.2
705.0 0.10522999999999999 0.2
705.5 0.10506299999999999 0.2
706.0 0.10489599999999999 0.2
706.5 0.10472899999999999 0.2
707.0 0.10456199999999999 0.2
707.5 0.104395 0.2
708.0 0.104228 0.2
708.5 0.104061 0.2
709.0 0.103894 0.2
709.5 0.103727 0.2
710.0 0.10356 0.2
710.5 0.103393 0.2
711.0 0.103226 0.2
711.5 0.103059 0.2
712.0 0.102892 0.2
712.5 0.102725 0.2
713.0 0.102558 0.2
713.5 0.102391 0.2
714.0 0.102224 0.2
714.5 0.102057 0.2
715.0 0.10189 0.2
715.5 0.101723 0.2
716.0 0.101556 0.2
716.5 0.10138899999999999 0.2
717.0 0.10122199999999999 0.2
717.5 0.10105499999999999 0.2
718.0 0.10088799999999999 0.2
718.5 0.10072099999999999 0.2
719.0 0.10055399999999999 0.2
719.5 0.10038699999999999 0.2
720.0 0.10021999999999999 0.2
720.5 0.10005299999999999 0.2
721.0 0.099886 0.2
721.5 0.099719 0.2
722.0 0.099552 0.2
722.5 0.099385 0.2
723.0 0.099218 0.2
723.5 0.099051 0.2
724.0 0.098884 0.2
724.5 0.098717 0.2
725.0 0.09855 0.2
725.5 0.098383 0.2
726.0 0.098216 0.2
726.5 0.098049 0.2
727.0 0.097882 0.2
727.5 0.097715 0.2
728.0 0.097548 0.2
728.5 0.097381 0.2
729.0 0.097214 0.2
729.5 0.097047 0.2
730.0 0.09688 0.2
730.5 0.096713 0.2
731.0 0.09654599999999999 0.2
731.5 0.09637899999999999 0.2
732.0 0.09621199999999999 0.2
732.5 0.09604499999999999 0.2
733.0 0.09587799999999999 0.2
733.5 0.09571099999999999 0.2
734.0 0.09554399999999999 0.2
734.5 0.09537699999999999 0.2
735.0 0.09520999999999999 0.2
735.5 0.09504299999999999 0.2
736.0 0.09487599999999999 0.2
736.5 0.094709 0.2
737.0 0.094542 0.2
737.5 0.094375 0.2
738.0 0.094208 0.2
738.5 0.094041 0.2
739.0 0.093874 0.2
739.5 0.093707 0.2
740.0 0.09354 0.2
740.5 0.093373 0.2
741.0 0.093206 0.2
741.5 0.093039 0.2
742.0 0.092872 0.2
742.5 0.092705 0.2
743.0 0.092538 0.2
743.5 0.092371 0.2
744.0 0.092204 0.2
744.5 0.092037 0.2
745.0 0.09187 0.2
745.5 0.09170299999999999 0.2
746.0 0.09153599999999999 0.2
746.5 0.09136899999999999 0.2
747.0 0.09120199999999999 0.2
747.5 0.09103499999999999 0.2
748.0 0.090868 0.2
748.5 0.090701 0.2
749.0 0.090534 0.2
749.5 0.090367 0.2
750.0 0.0902 0.2
750.5 0.090033 0.2
751.0 0.089866 0.2
751.5 0.089699 0.2
752.0 0.089532 0.2
752.5 0.089365 0.2
753.0 0.089198 0.2
753.5 0.089031 0.2
754.0 0.088864 0.2
754.5 0.088697 0.2
755.0 0.08853 0.2
755.5 0.088363 0.2
756.0 0.088196 0.2
756.5 0.088029 0.2
757.0 0.087862 0.2
757.5 0.087695 0.2
758.0 0.087528 0.2
758.5 0.087361 0.2
759.0 0.087194 0.2
759.5 0.087027 0.2
760.0 0.08685999999999999 0.2
760.5 0.08669299999999999 0.2
761.0 0.08652599999999999 0.2
761.5 0.08635899999999999 0.2
762.0 0.08619199999999999 0.2
762.5 0.08602499999999999 0.2
763.0 0.08585799999999999 0.2
763.5 0.08569099999999999 0.2
764.0 0.08552399999999999 0.2
764.5 0.08535699999999999 0.2
765.0 0.08518999999999999 0.2
765.5 0.08502299999999999 0.2
766.0 0.084856 0.2
766.5 0.084689 0.2
767.0 0.084522 0.2
767.5 0.084355 0.2
768.0 0.084188 0.2
768.5 0.084021 0.2
769.0 0.083854 0.2
769.5 0.083687 0.2
770.0 0.08352 0.2
770.5 0.083353 0.2
771.0 0.083186 0.2
771.5 0.083019 0.2
772.0 0.082852 0.2
772.5 0.082685 0.2
773.0 0.082518 0.2
773.5 0.082351 0.2
774.0 0.082184 0.2
774.5 0.08201699999999999 0.2
775.0 0.08184999999999999 0.2
775.5 0.08168299999999999 0.2
776.0 0.08151599999999999 0.2
776.5 0.081349 0.2
777.0 0.081182 0.2
777.5 0.081015 0.2
778.0 0.080848 0.2
778.5 0.080681 0.2
779.0 0.080514 0.2
779.5 0.080347 0.2
780.0 0.08018 0.2
780.5 0.080013 0.2
781.0 0.079846 0.2
781.5 0.079679 0.2
782.0 0.079512 0.2
782.5 0.079345 0.2
783.0 0.079178 0.2
783.5 0.079011 0.2
784.0 0.078844 0.2
784.5 0.078677 0.2
785.0 0.07851 0.2
785.5 0.078343 0.2
786.0 0.078176 0.2
786.5 0.078009 0.2
787.0 0.077842 0.2
787.5 0.077675 0.2
788.0 0.077508 0.2
788.5 0.077341 0.2
789.0 0.07717399999999999 0.2
789.5 0.07700699999999999 0.2
790.0 0.07683999999999999 0.2
790.5 0.07667299999999999 0.2
791.0 0.07650599999999999 0.2
791.5 0.07633899999999999 0.2
792.0 0.07617199999999999 0.2
792.5 0.07600499999999999 0.2
793.0 0.07583799999999999 0.2
793.5 0.07567099999999999 0.2
794.0 0.07550399999999999 0.2
794.5 0.07533699999999999 0.2
795.0 0.07516999999999999 0.2
795.5 0.07500299999999999 0.2
796.0 0.074836 0.2
796.5 0.074669 0.2
797.0 0.074502 0.2
797.5 0.074335 0.2
798.0 0.074168 0.2
798.5 0.074001 0.2
799.0 0.073834 0.2
799.5 0.073667 0.2
800.0 0.0735 0.2
800.5 0.0733885 0.2
801.0 0.073277 0.2
801.5 0.0731655 0.2
802.0 0.073054 0.2
802.5 0.0729425 0.2
803.0 0.07283099999999999 0.2
803.5 0.07271949999999999 0.2
804.0 0.07260799999999999 0.2
804.5 0.07249649999999999 0.2
805.0 0.07238499999999999 0.2
805.5 0.07227349999999999 0.2
806.0 0.07216199999999999 0.2
806.5 0.07205049999999999 0.2
807.0 0.071939 0.2
807.5 0.0718275 0.2
808.0 0.071716 0.2
808.5 0.0716045 0.2
809.0 0.071493 0.2
809.5 0.0713815 0.2
810.0 0.07127 0.2
810.5 0.0711585 0.2
811.0 0.071047 0.2
811.5 0.0709355 0.2
812.0 0.070824 0.2
812.5 0.0707125 0.2
813.0 0.070601 0.2
813.5 0.0704895 0.2
814.0 0.070378 0.2
814.5 0.0702665 0.2
815.0 0.070155 0.2
815.5 0.0700435 0.2
816.0 0.069932 0.2
816.5 0.0698205 0.2
817.0 0.069709 0.2
817.5 0.06959749999999999 0.2
818.0 0.06948599999999999 0.2
818.5 0.06937449999999999 0.2
819.0 0.06926299999999999 0.2
819.5 0.06915149999999999 0.2
820.0 0.06903999999999999 0.2
820.5 0.0689285 0.2
821.0 0.068817 0.2
821.5 0.0687055 0.2
822.0 0.068594 0.2
822.5 0.0684825 0.2
823.0 0.068371 0.2
823.5 0.0682595 0.2
824.0 0.068148 0.2
824.5 0.0680365 0.2
825.0 0.067925 0.2
825.5 0.0678135 0.2
826.0 0.067702 0.2
826.5 0.0675905 0.2
827.0 0.067479 0.2
827.5 0.0673675 0.2
828.0 0.067256 0.2
828.5 0.0671445 0.2
829.0 0.067033 0.2
829.5 0.0669215 0.2
830.0 0.06681 0.2
830.5 0.0666985 0.2
831.0 0.066587 0.2
831.5 0.06647549999999999 0.2
832.0 0.06636399999999999 0.2
832.5 0.06625249999999999 0.2
833.0 0.06614099999999999 0.2
833.5 0.06602949999999999 0.2
834.0 0.065918 0.2
834.5 0.0658065 0.2
835.0 0.065695 0.2
835.5 0.0655835 0.2
836.0 0.065472 0.2
836.5 0.0653605 0.2
837.0 0.065249 0.2
837.5 0.0651375 0.2
838.0 0.065026 0.2
838.5 0.0649145 0.2
839.0 0.064803 0.2
839.5 0.0646915 0.2
840.0 0.06458 0.2
840.5 0.0644685 0.2
841.0 0.064357 0.2
841.5 0.0642455 0.2
842.0 0.064134 0.2
842.5 0.0640225 0.2
843.0 0.063911 0.2
843.5 0.0637995 0.2
844.0 0.063688 0.2
844.5 0.0635765 0.2
845.0 0.063465 0.2
845.5 0.0633535 0.2
846.0 0.06324199999999999 0.2
846.5 0.0631305 0.2
847.0 0.06301899999999999 0.2
847.5 0.0629075 0.2
848.0 0.06279599999999999 0.2
848.5 0.0626845 0.2
849.0 0.062573 0.2
849.5 0.062461499999999996 0.2
850.0 0.06235 0.2
850.5 0.0622385 0.2
851.0 0.062127 0.2
851.5 0.0620155 0.2
852.0 0.061904 0.2
852.5 0.0617925 0.2
853.0 0.061681 0.2
853.5 0.0615695 0.2
854.0 0.061458 0.2
854.5 0.0613465 0.2
855.0 0.061235 0.2
855.5 0.0611235 0.2
856.0 0.061012 0.2
856.5 0.060900499999999996 0.2
857.0 0.060788999999999996 0.2
857.5 0.060677499999999995 0.2
858.0 0.060565999999999995 0.2
858.5 0.0604545 0.2
859.0 0.060343 0.2
859.5 0.0602315 0.2
860.0 0.06012 0.2
860.5 0.0600085 0.2
861.0 0.059897 0.2
861.5 0.0597855 0.2
862.0 0.059674 0.2
862.5 0.0595625 0.2
863.0 0.059451 0.2
863.5 0.0593395 0.2
864.0 0.059228 0.2
864.5 0.0591165 0.2
865.0 0.059005 0.2
865.5 0.0588935 0.2
866.0 0.058782 0.2
866.5 0.0586705 0.2
867.0 0.058559 0.2
867.5 0.0584475 0.2
868.0 0.058336 0.2
868.5 0.0582245 0.2
869.0 0.058113 0.2
869.5 0.0580015 0.2
870.0 0.05789 0.2
870.5 0.057778499999999997 0.2
871.0 0.057666999999999996 0.2
871.5 0.057555499999999996 0.2
872.0 0.057443999999999995 0.2
872.5 0.0573325 0.2
873.0 0.057221 0.2
873.5 0.0571095 0.2
874.0 0.056998 0.2
874.5 0.0568865 0.2
875.0 0.056775 0.2
875.5 0.0566635 0.2
876.0 0.056552000000000005 0.2
876.5 0.056440500000000005 0.2
877.0 0.056329000000000004 0.2
877.5 0.056217500000000004 0.2
878.0 0.056106 0.2
878.5 0.0559945 0.2
879.0 0.055883 0.2
879.5 0.0557715 0.2
880.0 0.05566 0.2
880.5 0.0555485 0.2
881.0 0.055437 0.2
881.5 0.0553255 0.2
882.0 0.055214 0.2
882.5 0.0551025 0.2
883.0 0.054991 0.2
883.5 0.0548795 0.2
884.0 0.054768 0.2
884.5 0.0546565 0.2
885.0 0.054544999999999996 0.2
885.5 0.054433499999999996 0.2
886.0 0.054322 0.2
886.5 0.0542105 0.2
887.0 0.054099 0.2
887.5 0.0539875 0.2
888.0 0.053876 0.2
888.5 0.0537645 0.2
889.0 0.053653 0.2
889.5 0.053541500000000006 0.2
890.0 0.053430000000000005 0.2
890.5 0.053318500000000005 0.2
891.0 0.053207000000000004 0.2
891.5 0.053095500000000004 0.2
892.0 0.052984 0.2
892.5 0.0528725 0.2
893.0 0.052761 0.2
893.5 0.0526495 0.2
894.0 0.052538 0.2
894.5 0.0524265 0.2
895.0 0.052315 0.2
895.5 0.0522035 0.2
896.0 0.052092 0.2
896.5 0.0519805 0.2
897.0 0.051869 0.2
897.5 0.0517575 0.2
898.0 0.051646 0.2
898.5 0.0515345 0.2
899.0 0.051422999999999996 0.2
899.5 0.0513115 0.2
900.0 0.0512 0.2
900.5 0.051129 0.2
901.0 0.051058 0.2
901.5 0.050987000000000005 0.2
902.0 0.050916 0.2
902.5 0.050845 0.2
903.0 0.050774 0.2
903.5 0.050703000000000005 0.2
904.0 0.050632 0.2
904.5 0.050561 0.2
905.0 0.05049 0.2
905.5 0.050419000000000005 0.2
906.0 0.050348000000000004 0.2
906.5 0.050277 0.2
907.0 0.050206 0.2
907.5 0.050135 0.2
908.0 0.050064000000000004 0.2
908.5 0.049993 0.2
909.0 0.049922 0.2
909.5 0.049851 0.2
910.0 0.049780000000000005 0.2
910.5 0.049709 0.2
911.0 0.049638 0.2
911.5 0.049567 0.2
912.0 0.049496000000000005 0.2
912.5 0.049425000000000004 0.2
913.0 0.049354 0.2
913.5 0.049283 0.2
914.0 0.049212 0.2
914.5 0.049141000000000004 0.2
915.0 0.04907 0.2
915.5 0.048999 0.2
916.0 0.048928 0.2
916.5 0.048857000000000005 0.2
917.0 0.048786 0.2
917.5 0.048715 0.2
918.0 0.048644 0.2
918.5 0.048573000000000005 0.2
919.0 0.048502 0.2
919.5 0.048431 0.2
920.0 0.04836 0.2
920.5 0.048289 0.2
921.0 0.048218000000000004 0.2
921.5 0.048147 0.2
922.0 0.048076 0.2
922.5 0.048005 0.2
923.0 0.047934000000000004 0.2
923.5 0.047863 0.2
924.0 0.047792 0.2
924.5 0.047721 0.2
925.0 0.04765 0.2
925.5 0.047579 0.2
926.0 0.047508 0.2
926.5 0.047437 0.2
927.0 0.047366 0.2
927.5 0.047295000000000004 0.2
928.0 0.047224 0.2
928.5 0.047153 0.2
929.0 0.047082 0.2
929.5 0.047011000000000004 0.2
930.0 0.04694 0.2
930.5 0.046869 0.2
931.0 0.046798 0.2
931.5 0.046727000000000005 0.2
932.0 0.046656 0.2
932.5 0.046585 0.2
933.0 0.046514 0.2
933.5 0.046443 0.2
934.0 0.046372000000000003 0.2
934.5 0.046301 0.2
935.0 0.04623 0.2
935.5 0.046159 0.2
936.0 0.046088000000000004 0.2
936.5 0.046017 0.2
937.0 0.045946 0.2
937.5 0.045875 0.2
938.0 0.045804 0.2
938.5 0.045733 0.2
939.0 0.045662 0.2
939.5 0.045591 0.2
940.0 0.045520000000000005 0.2
940.5 0.045449 0.2
941.0 0.045378 0.2
941.5 0.045307 0.2
942.0 0.045236 0.2
942.5 0.045165000000000004 0.2
943.0 0.045094 0.2
943.5 0.045023 0.2
944.0 0.044952 0.2
944.5 0.044881000000000004 0.2
945.0 0.04481 0.2
945.5 0.044739 0.2
946.0 0.044668 0.2
946.5 0.044597 0.2
947.0 0.044526 0.2
947.5 0.044455 0.2
948.0 0.044384 0.2
948.5 0.044313 0.2
949.0 0.044242000000000004 0.2
949.5 0.044171 0.2
950.0 0.0441 0.2
950.5 0.044029 0.2
951.0 0.043958 0.2
951.5 0.043887 0.2
952.0 0.043816 0.2
952.5 0.043745 0.2
953.0 0.043674 0.2
953.5 0.043603 0.2
954.0 0.043532 0.2
954.5 0.043461 0.2
955.0 0.04339 0.2
955.5 0.043318999999999996 0.2
956.0 0.043248 0.2
956.5 0.043177 0.2
957.0 0.043106 0.2
957.5 0.043035000000000004 0.2
958.0 0.042964 0.2
958.5 0.042893 0.2
959.0 0.042822 0.2
959.5 0.042751 0.2
960.0 0.04268 0.2
960.5 0.042609 0.2
961.0 0.042538 0.2
961.5 0.042467 0.2
962.0 0.042396 0.2
962.5 0.042325 0.2
963.0 0.042254 0.2
963.5 0.042183 0.2
964.0 0.042112 0.2
964.5 0.042041 0.2
965.0 0.04197 0.2
965.5 0.041899 0.2
966.0 0.041828000000000004 0.2
966.5 0.041757 0.2
967.0 0.041686 0.2
967.5 0.041615 0.2
968.0 0.041544 0.2
968.5 0.041472999999999996 0.2
969.0 0.041402 0.2
969.5 0.041331 0.2
970.0 0.04126 0.2
970.5 0.041189 0.2
971.0 0.041118 0.2
971.5 0.041047 0.2
972.0 0.040976 0.2
972.5 0.040905 0.2
973.0 0.040834 0.2
973.5 0.040763 0.2
974.0 0.040692 0.2
974.5 0.040621 0.2
975.0 0.04055 0.2
975.5 0.040479 0.2
976.0 0.040408 0.2
976.5 0.040337 0.2
977.0 0.040265999999999996 0.2
977.5 0.040195 0.2
978.0 0.040124 0.2
978.5 0.040053 0.2
979.0 0.039982000000000004 0.2
979.5 0.039911 0.2
980.0 0.03984 0.2
980.5 0.039769 0.2
981.0 0.039698 0.2
981.5 0.039626999999999996 0.2
982.0 0.039556 0.2
982.5 0.039485 0.2
983.0 0.039414 0.2
983.5 0.039343 0.2
984.0 0.039272 0.2
984.5 0.039201 0.2
985.0 0.03913 0.2
985.5 0.039058999999999996 0.2
986.0 0.038988 0.2
986.5 0.038917 0.2
987.0 0.038846 0.2
987.5 0.038775 0.2
988.0 0.038704 0.2
988.5 0.038633 0.2
989.0 0.038562 0.2
989.5 0.038491 0.2
990.0 0.038419999999999996 0.2
990.5 0.038349 0.2
991.0 0.038278 0.2
991.5 0.038207 0.2
992.0 0.038136 0.2
992.5 0.038065 0.2
993.0 0.037994 0.2
993.5 0.037923 0.2
994.0 0.037852 0.2
994.5 0.037780999999999995 0.2
995.0 0.03771 0.2
995.5 0.037639 0.2
996.0 0.037568 0.2
996.5 0.037497 0.2
997.0 0.037426 0.2
997.5 0.037355 0.2
998.0 0.037284 0.2
998.5 0.037212999999999996 0.2
999.0 0.037142 0.2
999.5 0.037071 0.2
1000.0 0.037 0.2
1000.5 0.03695 0.2
1001.0 0.036899999999999995 0.2
1001.5 0.03685 0.2
1002.0 0.0368 0.2
1002.5 0.03675 0.2
1003.0 0.036699999999999997 0.2
1003.5 0.036649999999999995 0.2
1004.0 0.0366 0.2
1004.5 0.03655 0.2
1005.0 0.0365 0.2
1005.5 0.036449999999999996 0.2
1006.0 0.036399999999999995 0.2
1006.5 0.03635 0.2
1007.0 0.0363 0.2
1007.5 0.03625 0.2
1008.0 0.036199999999999996 0.2
1008.5 0.03615 0.2
1009.0 0.0361 0.2
1009.5 0.03605 0.2
1010.0 0.036 0.2
1010.5 0.035949999999999996 0.2
1011.0 0.0359 0.2
1011.5 0.03585 0.2
1012.0 0.0358 0.2
1012.5 0.03575 0.2
1013.0 0.035699999999999996 0.2
1013.5 0.03565 0.2
1014.0 0.0356 0.2
1014.5 0.03555 0.2
1015.0 0.0355 0.2
1015.5 0.035449999999999995 0.2
1016.0 0.0354 0.2
1016.5 0.03535 0.2
1017.0 0.0353 0.2
1017.5 0.03525 0.2
1018.0 0.035199999999999995 0.2
1018.5 0.03515 0.2
1019.0 0.0351 0.2
1019.5 0.03505 0.2
1020.0 0.034999999999999996 0.2
1020.5 0.034949999999999995 0.2
1021.0 0.0349 0.2
1021.5 0.03485 0.2
1022.0 0.0348 0.2
1022.5 0.034749999999999996 0.2
1023.0 0.034699999999999995 0.2
1023.5 0.03465 0.2
1024.0 0.0346 0.2
1024.5 0.03455 0.2
1025.0 0.034499999999999996 0.2
1025.5 0.03445 0.2
1026.0 0.0344 0.2
1026.5 0.03435 0.2
1027.0 0.0343 0.2
1027.5 0.034249999999999996 0.2
1028.0 0.0342 0.2
1028.5 0.03415 0.2
1029.0 0.0341 0.2
1029.5 0.03405 0.2
1030.0 0.033999999999999996 0.2
1030.5 0.03395 0.2
1031.0 0.0339 0.2
1031.5 0.03385 0.2
1032.0 0.0338 0.2
1032.5 0.033749999999999995 0.2
1033.0 0.0337 0.2
1033.5 0.03365 0.2
1034.0 0.0336 0.2
1034.5 0.033549999999999996 0.2
1035.0 0.0335 0.2
1035.5 0.03345 0.2
1036.0 0.0334 0.2
1036.5 0.03335 0.2
1037.0 0.033299999999999996 0.2
1037.5 0.03325 0.2
1038.0 0.0332 0.2
1038.5 0.03315 0.2
1039.0 0.0331 0.2
1039.5 0.033049999999999996 0.2
1040.0 0.033 0.2
1040.5 0.03295 0.2
1041.0 0.0329 0.2
1041.5 0.03285 0.2
1042.0 0.032799999999999996 0.2
1042.5 0.03275 0.2
1043.0 0.0327 0.2
1043.5 0.03265 0.2
1044.0 0.0326 0.2
1044.5 0.032549999999999996 0.2
1045.0 0.0325 0.2
1045.5 0.03245 0.2
1046.0 0.0324 0.2
1046.5 0.03235 0.2
1047.0 0.032299999999999995 0.2
1047.5 0.03225 0.2
1048.0 0.0322 0.2
1048.5 0.03215 0.2
1049.0 0.0321 0.2
1049.5 0.032049999999999995 0.2
1050.0 0.032 0.2
1050.5 0.03195 0.2
1051.0 0.0319 0.2
1051.5 0.031849999999999996 0.2
1052.0 0.031799999999999995 0.2
1052.5 0.03175 0.2
1053.0 0.0317 0.2
1053.5 0.03165 0.2
1054.0 0.031599999999999996 0.2
1054.5 0.03155 0.2
1055.0 0.0315 0.2
1055.5 0.03145 0.2
1056.0 0.0314 0.2
1056.5 0.031349999999999996 0.2
1057.0 0.0313 0.2
1057.5 0.03125 0.2
1058.0 0.0312 0.2
1058.5 0.031149999999999997 0.2
1059.0 0.0311 0.2
1059.5 0.031049999999999998 0.2
1060.0 0.031 0.2
1060.5 0.03095 0.2
1061.0 0.030899999999999997 0.2
1061.5 0.03085 0.2
1062.0 0.030799999999999998 0.2
1062.5 0.03075 0.2
1063.0 0.030699999999999998 0.2
1063.5 0.030649999999999997 0.2
1064.0 0.0306 0.2
1064.5 0.03055 0.2
1065.0 0.0305 0.2
1065.5 0.030449999999999998 0.2
1066.0 0.0304 0.2
1066.5 0.03035 0.2
1067.0 0.0303 0.2
1067.5 0.03025 0.2
1068.0 0.030199999999999998 0.2
1068.5 0.03015 0.2
1069.0 0.0301 0.2
1069.5 0.03005 0.2
1070.0 0.03 0.2
1070.5 0.029949999999999997 0.2
1071.0 0.0299 0.2
1071.5 0.029849999999999998 0.2
1072.0 0.0298 0.2
1072.5 0.02975 0.2
1073.0 0.029699999999999997 0.2
1073.5 0.02965 0.2
1074.0 0.029599999999999998 0.2
1074.5 0.02955 0.2
1075.0 0.0295 0.2
1075.5 0.029449999999999997 0.2
1076.0 0.0294 0.2
1076.5 0.029349999999999998 0.2
1077.0 0.0293 0.2
1077.5 0.029249999999999998 0.2
1078.0 0.029199999999999997 0.2
1078.5 0.02915 0.2
1079.0 0.0291 0.2
1079.5 0.02905 0.2
1080.0 0.028999999999999998 0.2
1080.5 0.028949999999999997 0.2
1081.0 0.0289 0.2
1081.5 0.02885 0.2
1082.0 0.0288 0.2
1082.5 0.028749999999999998 0.2
1083.0 0.028699999999999996 0.2
1083.5 0.02865 0.2
1084.0 0.0286 0.2
1084.5 0.02855 0.2
1085.0 0.028499999999999998 0.2
1085.5 0.02845 0.2
1086.0 0.028399999999999998 0.2
1086.5 0.02835 0.2
1087.0 0.0283 0.2
1087.5 0.028249999999999997 0.2
1088.0 0.0282 0.2
1088.5 0.02815 0.2
1089.0 0.0281 0.2
1089.5 0.02805 0.2
1090.0 0.027999999999999997 0.2
1090.5 0.02795 0.2
1091.0 0.0279 0.2
1091.5 0.02785 0.2
1092.0 0.0278 0.2
1092.5 0.027749999999999997 0.2
1093.0 0.0277 0.2
1093.5 0.02765 0.2
1094.0 0.0276 0.2
1094.5 0.027549999999999998 0.2
1095.0 0.027499999999999997 0.2
1095.5 0.02745 0.2
1096.0 0.0274 0.2
1096.5 0.02735 0.2
1097.0 0.027299999999999998 0.2
1097.5 0.027249999999999996 0.2
1098.0 0.0272 0.2
1098.5 0.02715 0.2
1099.0 0.0271 0.2
1099.5 0.027049999999999998 0.2
1100.0 0.027 0.2
1100.5 0.026964 0.2
1101.0 0.026928 0.2
1101.5 0.026892 0.2
1102.0 0.026856 0.2
1102.5 0.02682 0.2
1103.0 0.026784 0.2
1103.5 0.026748 0.2
1104.0 0.026712 0.2
1104.5 0.026676 0.2
1105.0 0.02664 0.2
1105.5 0.026604 0.2
1106.0 0.026568 0.2
1106.5 0.026532 0.2
1107.0 0.026496 0.2
1107.5 0.02646 0.2
1108.0 0.026424 0.2
1108.5 0.026387999999999998 0.2
1109.0 0.026352 0.2
1109.5 0.026316 0.2
1110.0 0.02628 0.2
1110.5 0.026244 0.2
1111.0 0.026208 0.2
1111.5 0.026172 0.2
1112.0 0.026136 0.2
1112.5 0.0261 0.2
1113.0 0.026064 0.2
1113.5 0.026028 0.2
1114.0 0.025992 0.2
1114.5 0.025956 0.2
1115.0 0.02592 0.2
1115.5 0.025884 0.2
1116.0 0.025848 0.2
1116.5 0.025812 0.2
1117.0 0.025776 0.2
1117.5 0.02574 0.2
1118.0 0.025704 0.2
1118.5 0.025668 0.2
1119.0 0.025632000000000002 0.2
1119.5 0.025596 0.2
1120.0 0.02556 0.2
1120.5 0.025524 0.2
1121.0 0.025488 0.2
1121.5 0.025452 0.2
1122.0 0.025416 0.2
1122.5 0.02538 0.2
1123.0 0.025344 0.2
1123.5 0.025308 0.2
1124.0 0.025272 0.2
1124.5 0.025236 0.2
1125.0 0.0252 0.2
1125.5 0.025164 0.2
1126.0 0.025128 0.2
1126.5 0.025092 0.2
1127.0 0.025056000000000002 0.2
1127.5 0.02502 0.2
1128.0 0.024984 0.2
1128.5 0.024948 0.2
1129.0 0.024912 0.2
1129.5 0.024876000000000002 0.2
1130.0 0.02484 0.2
1130.5 0.024804 0.2
1131.0 0.024768000000000002 0.2
1131.5 0.024732 0.2
1132.0 0.024696 0.2
1132.5 0.02466 0.2
1133.0 0.024624 0.2
1133.5 0.024588 0.2
1134.0 0.024552 0.2
1134.5 0.024516 0.2
1135.0 0.024480000000000002 0.2
1135.5 0.024444 0.2
1136.0 0.024408 0.2
1136.5 0.024372 0.2
1137.0 0.024336 0.2
1137.5 0.024300000000000002 0.2
1138.0 0.024264 0.2
1138.5 0.024228 0.2
1139.0 0.024192 0.2
1139.5 0.024156 0.2
1140.0 0.024120000000000003 0.2
1140.5 0.024084 0.2
1141.0 0.024048 0.2
1141.5 0.024012000000000002 0.2
1142.0 0.023976 0.2
1142.5 0.02394 0.2
1143.0 0.023904 0.2
1143.5 0.023868 0.2
1144.0 0.023832 0.2
1144.5 0.023796 0.2
1145.0 0.02376 0.2
1145.5 0.023724000000000002 0.2
1146.0 0.023688 0.2
1146.5 0.023652 0.2
1147.0 0.023616 0.2
1147.5 0.02358 0.2
1148.0 0.023544000000000002 0.2
1148.5 0.023508 0.2
1149.0 0.023472 0.2
1149.5 0.023436000000000002 0.2
1150.0 0.0234 0.2
1150.5 0.023364000000000003 0.2
1151.0 0.023328 0.2
1151.5 0.023292 0.2
1152.0 0.023256000000000002 0.2
1152.5 0.02322 0.2
1153.0 0.023184 0.2
1153.5 0.023148000000000002 0.2
1154.0 0.023112 0.2
1154.5 0.023076 0.2
1155.0 0.02304 0.2
1155.5 0.023004 0.2
1156.0 0.022968000000000002 0.2
1156.5 0.022932 0.2
1157.0 0.022896 0.2
1157.5 0.022860000000000002 0.2
1158.0 0.022824 0.2
1158.5 0.022788000000000003 0.2
1159.0 0.022752 0.2
1159.5 0.022716 0.2
1160.0 0.022680000000000002 0.2
1160.5 0.022644 0.2
1161.0 0.022608000000000003 0.2
1161.5 0.022572000000000002 0.2
1162.0 0.022536 0.2
1162.5 0.0225 0.2
1163.0 0.022464 0.2
1163.5 0.022428 0.2
1164.0 0.022392000000000002 0.2
1164.5 0.022356 0.2
1165.0 0.02232 0.2
1165.5 0.022284 0.2
1166.0 0.022248 0.2
1166.5 0.022212000000000003 0.2
1167.0 0.022176 0.2
1167.5 0.02214 0.2
1168.0 0.022104000000000002 0.2
1168.5 0.022068 0.2
1169.0 0.022032000000000003 0.2
1169.5 0.021996 0.2
1170.0 0.02196 0.2
1170.5 0.021924000000000003 0.2
1171.0 0.021888 0.2
1171.5 0.021852000000000003 0.2
1172.0 0.021816000000000002 0.2
1172.5 0.02178 0.2
1173.0 0.021744 0.2
1173.5 0.021708 0.2
1174.0 0.021672 0.2
1174.5 0.021636000000000002 0.2
1175.0 0.0216 0.2
1175.5 0.021564 0.2
1176.0 0.021528000000000002 0.2
1176.5 0.021492 0.2
1177.0 0.021456000000000003 0.2
1177.5 0.02142 0.2
1178.0 0.021384 0.2
1178.5 0.021348000000000002 0.2
1179.0 0.021312 0.2
1179.5 0.021276000000000003 0.2
1180.0 0.021240000000000002 0.2
1180.5 0.021204 0.2
1181.0 0.021168000000000003 0.2
1181.5 0.021132 0.2
1182.0 0.021096000000000004 0.2
1182.5 0.021060000000000002 0.2
1183.0 0.021024 0.2
1183.5 0.020988 0.2
1184.0 0.020952000000000002 0.2
1184.5 0.020916 0.2
1185.0 0.020880000000000003 0.2
1185.5 0.020844 0.2
1186.0 0.020808 0.2
1186.5 0.020772000000000002 0.2
1187.0 0.020736 0.2
1187.5 0.020700000000000003 0.2
1188.0 0.020664000000000002 0.2
1188.5 0.020628 0.2
1189.0 0.020592000000000003 0.2
1189.5 0.020556 0.2
1190.0 0.020520000000000004 0.2
1190.5 0.020484000000000002 0.2
1191.0 0.020448 0.2
1191.5 0.020412000000000003 0.2
1192.0 0.020376000000000002 0.2
1192.5 0.020340000000000004 0.2
1193.0 0.020304000000000003 0.2
1193.5 0.020268 0.2
1194.0 0.020232 0.2
1194.5 0.020196000000000002 0.2
1195.0 0.02016 0.2
1195.5 0.020124000000000003 0.2
1196.0 0.020088 0.2
1196.5 0.020052 0.2
1197.0 0.020016000000000003 0.2
1197.5 0.01998 0.2
1198.0 0.019944000000000003 0.2
1198.5 0.019908000000000002 0.2
1199.0 0.019872 0.2
1199.5 0.019836000000000003 0.2
1200.0 0.0198 0.2
