#mT Tbq kappa
600.0 0.0812 0.15
600.5 0.081048 0.15
601.0 0.080896 0.15
601.5 0.080744 0.15
602.0 0.080592 0.15
602.5 0.08044 0.15
603.0 0.080288 0.15
603.5 0.080136 0.15
604.0 0.079984 0.15
604.5 0.079832 0.15
605.0 0.07968 0.15
605.5 0.079528 0.15
606.0 0.079376 0.15
606.5 0.07922399999999999 0.15
607.0 0.07907199999999999 0.15
607.5 0.07891999999999999 0.15
608.0 0.07876799999999999 0.15
608.5 0.07861599999999999 0.15
609.0 0.07846399999999999 0.15
609.5 0.07831199999999999 0.15
610.0 0.07816 0.15
610.5 0.078008 0.15
611.0 0.077856 0.15
611.5 0.077704 0.15
612.0 0.077552 0.15
612.5 0.0774 0.15
613.0 0.077248 0.15
613.5 0.077096 0.15
614.0 0.076944 0.15
614.5 0.076792 0.15
615.0 0.07664 0.15
615.5 0.076488 0.15
616.0 0.076336 0.15
616.5 0.076184 0.15
617.0 0.076032 0.15
617.5 0.07588 0.15
618.0 0.075728 0.15
618.5 0.075576 0.15
619.0 0.07542399999999999 0.15
619.5 0.075272 0.15
620.0 0.07511999999999999 0.15
620.5 0.07496799999999999 0.15
621.0 0.074816 0.15
621.5 0.074664 0.15
622.0 0.074512 0.15
622.5 0.07436 0.15
623.0 0.074208 0.15
623.5 0.074056 0.15
624.0 0.073904 0.15
624.5 0.073752 0.15
625.0 0.0736 0.15
625.5 0.073448 0.15
626.0 0.073296 0.15
626.5 0.073144 0.15
627.0 0.072992 0.15
627.5 0.07284 0.15
628.0 0.072688 0.15
628.5 0.072536 0.15
629.0 0.072384 0.15
629.5 0.072232 0.15
630.0 0.07208 0.15
630.5 0.071928 0.15
631.0 0.071776 0.15
631.5 0.071624 0.15
632.0 0.07147200000000001 0.15
632.5 0.07132 0.15
633.0 0.071168 0.15
633.5 0.071016 0.15
634.0 0.070864 0.15
634.5 0.070712 0.15
635.0 0.07056 0.15
635.5 0.070408 0.15
636.0 0.070256 0.15
636.5 0.070104 0.15
637.0 0.069952 0.15
637.5 0.0698 0.15
638.0 0.069648 0.15
638.5 0.069496 0.15
639.0 0.069344 0.15
639.5 0.069192 0.15
640.0 0.06904 0.15
640.5 0.068888 0.15
641.0 0.068736 0.15
641.5 0.068584 0.15
642.0 0.068432 0.15
642.5 0.06828000000000001 0.15
643.0 0.06812800000000001 0.15
643.5 0.06797600000000001 0.15
644.0 0.067824 0.15
644.5 0.06767200000000001 0.15
645.0 0.06752 0.15
645.5 0.06736800000000001 0.15
646.0 0.067216 0.15
646.5 0.067064 0.15
647.0 0.066912 0.15
647.5 0.06676 0.15
648.0 0.066608 0.15
648.5 0.066456 0.15
649.0 0.066304 0.15
649.5 0.066152 0.15
650.0 0.066 0.15
650.5 0.06594 0.15
651.0 0.06588000000000001 0.15
651.5 0.06582 0.15
652.0 0.06576 0.15
652.5 0.06570000000000001 0.15
653.0 0.06564 0.15
653.5 0.06558 0.15
654.0 0.06552000000000001 0.15
654.5 0.06546 0.15
655.0 0.0654 0.15
655.5 0.06534000000000001 0.15
656.0 0.06528 0.15
656.5 0.06522 0.15
657.0 0.06516 0.15
657.5 0.0651 0.15
658.0 0.06504 0.15
658.5 0.06498 0.15
659.0 0.06492 0.15
659.5 0.06486 0.15
660.0 0.0648 0.15
660.5 0.06474 0.15
661.0 0.06468 0.15
661.5 0.06462 0.15
662.0 0.06456 0.15
662.5 0.0645 0.15
663.0 0.06444 0.15
663.5 0.06438 0.15
664.0 0.06432 0.15
664.5 0.06426 0.15
665.0 0.06420000000000001 0.15
665.5 0.06414 0.15
666.0 0.06408 0.15
666.5 0.06402000000000001 0.15
667.0 0.06396 0.15
667.5 0.0639 0.15
668.0 0.06384000000000001 0.15
668.5 0.06378 0.15
669.0 0.06372 0.15
669.5 0.06366 0.15
670.0 0.0636 0.15
670.5 0.06354 0.15
671.0 0.06348 0.15
671.5 0.06342 0.15
672.0 0.06336 0.15
672.5 0.0633 0.15
673.0 0.06324 0.15
673.5 0.06318 0.15
674.0 0.06312 0.15
674.5 0.06306 0.15
675.0 0.063 0.15
675.5 0.06294 0.15
676.0 0.06288 0.15
676.5 0.06282 0.15
677.0 0.06276 0.15
677.5 0.0627 0.15
678.0 0.06264 0.15
678.5 0.06258 0.15
679.0 0.06252 0.15
679.5 0.06246 0.15
680.0 0.0624 0.15
680.5 0.06234 0.15
681.0 0.06228 0.15
681.5 0.06222 0.15
682.0 0.06216 0.15
682.5 0.0621 0.15
683.0 0.06204 0.15
683.5 0.06198 0.15
684.0 0.06192 0.15
684.5 0.06186 0.15
685.0 0.0618 0.15
685.5 0.061739999999999996 0.15
686.0 0.06168 0.15
686.5 0.06162 0.15
687.0 0.06156 0.15
687.5 0.0615 0.15
688.0 0.06144 0.15
688.5 0.06138 0.15
689.0 0.06132 0.15
689.5 0.061259999999999995 0.15
690.0 0.0612 0.15
690.5 0.06114 0.15
691.0 0.061079999999999995 0.15
691.5 0.06102 0.15
692.0 0.06096 0.15
692.5 0.060899999999999996 0.15
693.0 0.06084 0.15
693.5 0.06078 0.15
694.0 0.060719999999999996 0.15
694.5 0.06066 0.15
695.0 0.0606 0.15
695.5 0.06054 0.15
696.0 0.06048 0.15
696.5 0.06042 0.15
697.0 0.06036 0.15
697.5 0.0603 0.15
698.0 0.060239999999999995 0.15
698.5 0.06018 0.15
699.0 0.06012 0.15
699.5 0.060059999999999995 0.15
700.0 0.06 0.15
700.5 0.059906499999999994 0.15
701.0 0.059813 0.15
701.5 0.059719499999999995 0.15
702.0 0.059626 0.15
702.5 0.059532499999999995 0.15
703.0 0.059439 0.15
703.5 0.059345499999999995 0.15
704.0 0.059252 0.15
704.5 0.059158499999999996 0.15
705.0 0.059065 0.15
705.5 0.058971499999999996 0.15
706.0 0.058878 0.15
706.5 0.058784499999999996 0.15
707.0 0.058691 0.15
707.5 0.0585975 0.15
708.0 0.058504 0.15
708.5 0.0584105 0.15
709.0 0.058317 0.15
709.5 0.0582235 0.15
710.0 0.05813 0.15
710.5 0.0580365 0.15
711.0 0.057943 0.15
711.5 0.0578495 0.15
712.0 0.057756 0.15
712.5 0.0576625 0.15
713.0 0.057568999999999995 0.15
713.5 0.0574755 0.15
714.0 0.057381999999999996 0.15
714.5 0.0572885 0.15
715.0 0.057194999999999996 0.15
715.5 0.0571015 0.15
716.0 0.057007999999999996 0.15
716.5 0.0569145 0.15
717.0 0.056820999999999997 0.15
717.5 0.0567275 0.15
718.0 0.056634 0.15
718.5 0.0565405 0.15
719.0 0.056447 0.15
719.5 0.0563535 0.15
720.0 0.05626 0.15
720.5 0.0561665 0.15
721.0 0.056073 0.15
721.5 0.0559795 0.15
722.0 0.055886 0.15
722.5 0.0557925 0.15
723.0 0.055699 0.15
723.5 0.0556055 0.15
724.0 0.055512 0.15
724.5 0.055418499999999996 0.15
725.0 0.055325 0.15
725.5 0.0552315 0.15
726.0 0.055138 0.15
726.5 0.055044499999999996 0.15
727.0 0.054951 0.15
727.5 0.0548575 0.15
728.0 0.054764 0.15
728.5 0.0546705 0.15
729.0 0.054577 0.15
729.5 0.0544835 0.15
730.0 0.05439 0.15
730.5 0.0542965 0.15
731.0 0.054203 0.15
731.5 0.0541095 0.15
732.0 0.054016 0.15
732.5 0.0539225 0.15
733.0 0.053829 0.15
733.5 0.0537355 0.15
734.0 0.053642 0.15
734.5 0.0535485 0.15
735.0 0.053455 0.15
735.5 0.0533615 0.15
736.0 0.053268 0.15
736.5 0.0531745 0.15
737.0 0.053081 0.15
737.5 0.0529875 0.15
738.0 0.052894 0.15
738.5 0.0528005 0.15
739.0 0.052707000000000004 0.15
739.5 0.0526135 0.15
740.0 0.05252 0.15
740.5 0.0524265 0.15
741.0 0.052333 0.15
741.5 0.0522395 0.15
742.0 0.052146 0.15
742.5 0.0520525 0.15
743.0 0.051959 0.15
743.5 0.0518655 0.15
744.0 0.051772 0.15
744.5 0.0516785 0.15
745.0 0.051585 0.15
745.5 0.0514915 0.15
746.0 0.051398 0.15
746.5 0.0513045 0.15
747.0 0.051211 0.15
747.5 0.0511175 0.15
748.0 0.051024 0.15
748.5 0.050930500000000004 0.15
749.0 0.050837 0.15
749.5 0.0507435 0.15
750.0 0.05065 0.15
750.5 0.050556500000000004 0.15
751.0 0.050463 0.15
751.5 0.0503695 0.15
752.0 0.050276 0.15
752.5 0.050182500000000005 0.15
753.0 0.050089 0.15
753.5 0.0499955 0.15
754.0 0.049902 0.15
754.5 0.0498085 0.15
755.0 0.049715 0.15
755.5 0.0496215 0.15
756.0 0.049528 0.15
756.5 0.0494345 0.15
757.0 0.049341 0.15
757.5 0.0492475 0.15
758.0 0.049154 0.15
758.5 0.0490605 0.15
759.0 0.048967000000000004 0.15
759.5 0.0488735 0.15
760.0 0.048780000000000004 0.15
760.5 0.0486865 0.15
761.0 0.048593 0.15
761.5 0.0484995 0.15
762.0 0.048406000000000005 0.15
762.5 0.0483125 0.15
763.0 0.048219 0.15
763.5 0.0481255 0.15
764.0 0.048032000000000005 0.15
764.5 0.0479385 0.15
765.0 0.047845 0.15
765.5 0.0477515 0.15
766.0 0.047658000000000006 0.15
766.5 0.0475645 0.15
767.0 0.047471 0.15
767.5 0.0473775 0.15
768.0 0.047284 0.15
768.5 0.0471905 0.15
769.0 0.047097 0.15
769.5 0.047003500000000004 0.15
770.0 0.04691 0.15
770.5 0.046816500000000004 0.15
771.0 0.046723 0.15
771.5 0.046629500000000004 0.15
772.0 0.046536 0.15
772.5 0.046442500000000005 0.15
773.0 0.046349 0.15
773.5 0.046255500000000005 0.15
774.0 0.046162 0.15
774.5 0.0460685 0.15
775.0 0.045975 0.15
775.5 0.045881500000000006 0.15
776.0 0.045788 0.15
776.5 0.0456945 0.15
777.0 0.045601 0.15
777.5 0.045507500000000006 0.15
778.0 0.045414 0.15
778.5 0.0453205 0.15
779.0 0.045227 0.15
779.5 0.04513350000000001 0.15
780.0 0.045040000000000004 0.15
780.5 0.0449465 0.15
781.0 0.044853000000000004 0.15
781.5 0.0447595 0.15
782.0 0.044666000000000004 0.15
782.5 0.0445725 0.15
783.0 0.044479000000000005 0.15
783.5 0.0443855 0.15
784.0 0.044292 0.15
784.5 0.0441985 0.15
785.0 0.044105000000000005 0.15
785.5 0.0440115 0.15
786.0 0.043918 0.15
786.5 0.0438245 0.15
787.0 0.043731000000000006 0.15
787.5 0.0436375 0.15
788.0 0.043544 0.15
788.5 0.0434505 0.15
789.0 0.04335700000000001 0.15
789.5 0.0432635 0.15
790.0 0.04317 0.15
790.5 0.043076500000000004 0.15
791.0 0.04298300000000001 0.15
791.5 0.042889500000000004 0.15
792.0 0.042796 0.15
792.5 0.042702500000000004 0.15
793.0 0.04260900000000001 0.15
793.5 0.042515500000000005 0.15
794.0 0.042422 0.15
794.5 0.042328500000000005 0.15
795.0 0.04223500000000001 0.15
795.5 0.042141500000000005 0.15
796.0 0.042048 0.15
796.5 0.041954500000000006 0.15
797.0 0.041861 0.15
797.5 0.0417675 0.15
798.0 0.041674 0.15
798.5 0.041580500000000006 0.15
799.0 0.041487 0.15
799.5 0.0413935 0.15
800.0 0.0413 0.15
800.5 0.041233500000000006 0.15
801.0 0.041167 0.15
801.5 0.041100500000000005 0.15
802.0 0.041034 0.15
802.5 0.040967500000000004 0.15
803.0 0.040901 0.15
803.5 0.0408345 0.15
804.0 0.040768000000000006 0.15
804.5 0.0407015 0.15
805.0 0.040635000000000004 0.15
805.5 0.0405685 0.15
806.0 0.040502 0.15
806.5 0.040435500000000006 0.15
807.0 0.040369 0.15
807.5 0.040302500000000005 0.15
808.0 0.040236 0.15
808.5 0.040169500000000004 0.15
809.0 0.040103 0.15
809.5 0.0400365 0.15
810.0 0.039970000000000006 0.15
810.5 0.0399035 0.15
811.0 0.039837000000000004 0.15
811.5 0.0397705 0.15
812.0 0.039704 0.15
812.5 0.039637500000000006 0.15
813.0 0.039571 0.15
813.5 0.039504500000000005 0.15
814.0 0.039438 0.15
814.5 0.039371500000000004 0.15
815.0 0.039305 0.15
815.5 0.0392385 0.15
816.0 0.039172000000000005 0.15
816.5 0.0391055 0.15
817.0 0.039039000000000004 0.15
817.5 0.0389725 0.15
818.0 0.038906 0.15
818.5 0.038839500000000006 0.15
819.0 0.038773 0.15
819.5 0.038706500000000005 0.15
820.0 0.03864 0.15
820.5 0.038573500000000004 0.15
821.0 0.038507 0.15
821.5 0.0384405 0.15
822.0 0.038374000000000005 0.15
822.5 0.0383075 0.15
823.0 0.038241000000000004 0.15
823.5 0.0381745 0.15
824.0 0.038108 0.15
824.5 0.038041500000000006 0.15
825.0 0.037975 0.15
825.5 0.037908500000000005 0.15
826.0 0.037842 0.15
826.5 0.037775500000000004 0.15
827.0 0.037709 0.15
827.5 0.0376425 0.15
828.0 0.037576000000000005 0.15
828.5 0.0375095 0.15
829.0 0.037443000000000004 0.15
829.5 0.0373765 0.15
830.0 0.03731 0.15
830.5 0.0372435 0.15
831.0 0.037177 0.15
831.5 0.037110500000000005 0.15
832.0 0.037044 0.15
832.5 0.0369775 0.15
833.0 0.036911 0.15
833.5 0.0368445 0.15
834.0 0.036778000000000005 0.15
834.5 0.0367115 0.15
835.0 0.036645000000000004 0.15
835.5 0.0365785 0.15
836.0 0.036512 0.15
836.5 0.036445500000000006 0.15
837.0 0.036379 0.15
837.5 0.036312500000000004 0.15
838.0 0.036246 0.15
838.5 0.0361795 0.15
839.0 0.036113 0.15
839.5 0.0360465 0.15
840.0 0.03598 0.15
840.5 0.0359135 0.15
841.0 0.035847000000000004 0.15
841.5 0.0357805 0.15
842.0 0.035714 0.15
842.5 0.0356475 0.15
843.0 0.035581 0.15
843.5 0.035514500000000004 0.15
844.0 0.035448 0.15
844.5 0.0353815 0.15
845.0 0.035315 0.15
845.5 0.0352485 0.15
846.0 0.035182000000000005 0.15
846.5 0.0351155 0.15
847.0 0.035049000000000004 0.15
847.5 0.0349825 0.15
848.0 0.034916 0.15
848.5 0.034849500000000005 0.15
849.0 0.034783 0.15
849.5 0.034716500000000004 0.15
850.0 0.03465 0.15
850.5 0.0345835 0.15
851.0 0.034517 0.15
851.5 0.0344505 0.15
852.0 0.034384 0.15
852.5 0.0343175 0.15
853.0 0.034251000000000004 0.15
853.5 0.0341845 0.15
854.0 0.034118 0.15
854.5 0.0340515 0.15
855.0 0.033985 0.15
855.5 0.033918500000000004 0.15
856.0 0.033852 0.15
856.5 0.0337855 0.15
857.0 0.033719 0.15
857.5 0.0336525 0.15
858.0 0.033586000000000005 0.15
858.5 0.0335195 0.15
859.0 0.033453000000000004 0.15
859.5 0.0333865 0.15
860.0 0.03332 0.15
860.5 0.033253500000000005 0.15
861.0 0.033187 0.15
861.5 0.0331205 0.15
862.0 0.033054 0.15
862.5 0.0329875 0.15
863.0 0.032921 0.15
863.5 0.0328545 0.15
864.0 0.032788 0.15
864.5 0.0327215 0.15
865.0 0.032655 0.15
865.5 0.0325885 0.15
866.0 0.032522 0.15
866.5 0.0324555 0.15
867.0 0.032389 0.15
867.5 0.032322500000000004 0.15
868.0 0.032256 0.15
868.5 0.0321895 0.15
869.0 0.032123 0.15
869.5 0.0320565 0.15
870.0 0.031990000000000005 0.15
870.5 0.0319235 0.15
871.0 0.031857 0.15
871.5 0.0317905 0.15
872.0 0.031724 0.15
872.5 0.031657500000000005 0.15
873.0 0.031591 0.15
873.5 0.0315245 0.15
874.0 0.031458 0.15
874.5 0.0313915 0.15
875.0 0.031325 0.15
875.5 0.0312585 0.15
876.0 0.031192 0.15
876.5 0.0311255 0.15
877.0 0.031059000000000003 0.15
877.5 0.0309925 0.15
878.0 0.030926000000000002 0.15
878.5 0.0308595 0.15
879.0 0.030793 0.15
879.5 0.0307265 0.15
880.0 0.03066 0.15
880.5 0.030593500000000003 0.15
881.0 0.030527 0.15
881.5 0.0304605 0.15
882.0 0.030394 0.15
882.5 0.0303275 0.15
883.0 0.030261 0.15
883.5 0.0301945 0.15
884.0 0.030128000000000002 0.15
884.5 0.030061499999999998 0.15
885.0 0.029995 0.15
885.5 0.0299285 0.15
886.0 0.029862 0.15
886.5 0.029795500000000003 0.15
887.0 0.029729 0.15
887.5 0.0296625 0.15
888.0 0.029596 0.15
888.5 0.0295295 0.15
889.0 0.029463 0.15
889.5 0.0293965 0.15
890.0 0.029330000000000002 0.15
890.5 0.029263499999999998 0.15
891.0 0.029197 0.15
891.5 0.0291305 0.15
892.0 0.029064 0.15
892.5 0.028997500000000002 0.15
893.0 0.028931 0.15
893.5 0.0288645 0.15
894.0 0.028798 0.15
894.5 0.0287315 0.15
895.0 0.028665 0.15
895.5 0.0285985 0.15
896.0 0.028532000000000002 0.15
896.5 0.028465499999999998 0.15
897.0 0.028399 0.15
897.5 0.0283325 0.15
898.0 0.028266 0.15
898.5 0.028199500000000002 0.15
899.0 0.028133 0.15
899.5 0.0280665 0.15
900.0 0.028 0.15
900.5 0.027964 0.15
901.0 0.027928 0.15
901.5 0.027892 0.15
902.0 0.027856 0.15
902.5 0.02782 0.15
903.0 0.027784 0.15
903.5 0.027748000000000002 0.15
904.0 0.027712 0.15
904.5 0.027676 0.15
905.0 0.02764 0.15
905.5 0.027604 0.15
906.0 0.027568000000000002 0.15
906.5 0.027532 0.15
907.0 0.027496 0.15
907.5 0.027460000000000002 0.15
908.0 0.027424 0.15
908.5 0.027388 0.15
909.0 0.027352 0.15
909.5 0.027316 0.15
910.0 0.02728 0.15
910.5 0.027244 0.15
911.0 0.027208 0.15
911.5 0.027172 0.15
912.0 0.027136 0.15
912.5 0.0271 0.15
913.0 0.027064 0.15
913.5 0.027028 0.15
914.0 0.026992000000000002 0.15
914.5 0.026956 0.15
915.0 0.02692 0.15
915.5 0.026884 0.15
916.0 0.026848 0.15
916.5 0.026812 0.15
917.0 0.026776 0.15
917.5 0.02674 0.15
918.0 0.026704 0.15
918.5 0.026668 0.15
919.0 0.026632 0.15
919.5 0.026596 0.15
920.0 0.02656 0.15
920.5 0.026524 0.15
921.0 0.026488 0.15
921.5 0.026452 0.15
922.0 0.026416000000000002 0.15
922.5 0.02638 0.15
923.0 0.026344 0.15
923.5 0.026308 0.15
924.0 0.026272 0.15
924.5 0.026236 0.15
925.0 0.0262 0.15
925.5 0.026164 0.15
926.0 0.026128 0.15
926.5 0.026092 0.15
927.0 0.026056 0.15
927.5 0.02602 0.15
928.0 0.025984 0.15
928.5 0.025948 0.15
929.0 0.025912 0.15
929.5 0.025876 0.15
930.0 0.025840000000000002 0.15
930.5 0.025804 0.15
931.0 0.025768 0.15
931.5 0.025732 0.15
932.0 0.025696 0.15
932.5 0.02566 0.15
933.0 0.025624 0.15
933.5 0.025588 0.15
934.0 0.025552 0.15
934.5 0.025516 0.15
935.0 0.02548 0.15
935.5 0.025444 0.15
936.0 0.025408 0.15
936.5 0.025372 0.15
937.0 0.025336 0.15
937.5 0.0253 0.15
938.0 0.025264 0.15
938.5 0.025228 0.15
939.0 0.025192 0.15
939.5 0.025156 0.15
940.0 0.02512 0.15
940.5 0.025084 0.15
941.0 0.025048 0.15
941.5 0.025012 0.15
942.0 0.024975999999999998 0.15
942.5 0.02494 0.15
943.0 0.024904 0.15
943.5 0.024868 0.15
944.0 0.024832 0.15
944.5 0.024796 0.15
945.0 0.02476 0.15
945.5 0.024724 0.15
946.0 0.024688 0.15
946.5 0.024652 0.15
947.0 0.024616 0.15
947.5 0.02458 0.15
948.0 0.024544 0.15
948.5 0.024508 0.15
949.0 0.024472 0.15
949.5 0.024436 0.15
950.0 0.024399999999999998 0.15
950.5 0.024364 0.15
951.0 0.024328 0.15
951.5 0.024292 0.15
952.0 0.024256 0.15
952.5 0.02422 0.15
953.0 0.024184 0.15
953.5 0.024148 0.15
954.0 0.024112 0.15
954.5 0.024076 0.15
955.0 0.02404 0.15
955.5 0.024003999999999998 0.15
956.0 0.023968 0.15
956.5 0.023932000000000002 0.15
957.0 0.023896 0.15
957.5 0.02386 0.15
958.0 0.023823999999999998 0.15
958.5 0.023788 0.15
959.0 0.023752 0.15
959.5 0.023716 0.15
960.0 0.02368 0.15
960.5 0.023644 0.15
961.0 0.023608 0.15
961.5 0.023572 0.15
962.0 0.023536 0.15
962.5 0.0235 0.15
963.0 0.023464 0.15
963.5 0.023427999999999997 0.15
964.0 0.023392 0.15
964.5 0.023356000000000002 0.15
965.0 0.02332 0.15
965.5 0.023284 0.15
966.0 0.023247999999999998 0.15
966.5 0.023212 0.15
967.0 0.023176 0.15
967.5 0.02314 0.15
968.0 0.023104 0.15
968.5 0.023067999999999998 0.15
969.0 0.023032 0.15
969.5 0.022996 0.15
970.0 0.02296 0.15
970.5 0.022924 0.15
971.0 0.022888 0.15
971.5 0.022851999999999997 0.15
972.0 0.022816 0.15
972.5 0.02278 0.15
973.0 0.022744 0.15
973.5 0.022708 0.15
974.0 0.022671999999999998 0.15
974.5 0.022636 0.15
975.0 0.0226 0.15
975.5 0.022564 0.15
976.0 0.022528 0.15
976.5 0.022491999999999998 0.15
977.0 0.022456 0.15
977.5 0.02242 0.15
978.0 0.022384 0.15
978.5 0.022348 0.15
979.0 0.022312 0.15
979.5 0.022275999999999997 0.15
980.0 0.02224 0.15
980.5 0.022204 0.15
981.0 0.022168 0.15
981.5 0.022132 0.15
982.0 0.022095999999999998 0.15
982.5 0.02206 0.15
983.0 0.022024 0.15
983.5 0.021988 0.15
984.0 0.021952 0.15
984.5 0.021915999999999998 0.15
985.0 0.02188 0.15
985.5 0.021844 0.15
986.0 0.021808 0.15
986.5 0.021772 0.15
987.0 0.021736 0.15
987.5 0.021699999999999997 0.15
988.0 0.021664 0.15
988.5 0.021628 0.15
989.0 0.021592 0.15
989.5 0.021556 0.15
990.0 0.021519999999999997 0.15
990.5 0.021484 0.15
991.0 0.021448 0.15
991.5 0.021412 0.15
992.0 0.021376 0.15
992.5 0.021339999999999998 0.15
993.0 0.021304 0.15
993.5 0.021268 0.15
994.0 0.021232 0.15
994.5 0.021196 0.15
995.0 0.021159999999999998 0.15
995.5 0.021123999999999997 0.15
996.0 0.021088 0.15
996.5 0.021052 0.15
997.0 0.021016 0.15
997.5 0.02098 0.15
998.0 0.020943999999999997 0.15
998.5 0.020908 0.15
999.0 0.020871999999999998 0.15
999.5 0.020836 0.15
1000.0 0.0208 0.15
1000.5 0.020770999999999998 0.15
1001.0 0.020742 0.15
1001.5 0.020713 0.15
1002.0 0.020683999999999998 0.15
1002.5 0.020655 0.15
1003.0 0.020626 0.15
1003.5 0.020597 0.15
1004.0 0.020568 0.15
1004.5 0.020538999999999998 0.15
1005.0 0.02051 0.15
1005.5 0.020481 0.15
1006.0 0.020451999999999998 0.15
1006.5 0.020423 0.15
1007.0 0.020394 0.15
1007.5 0.020364999999999998 0.15
1008.0 0.020336 0.15
1008.5 0.020307 0.15
1009.0 0.020277999999999997 0.15
1009.5 0.020249 0.15
1010.0 0.02022 0.15
1010.5 0.020191 0.15
1011.0 0.020162 0.15
1011.5 0.020132999999999998 0.15
1012.0 0.020104 0.15
1012.5 0.020075 0.15
1013.0 0.020045999999999998 0.15
1013.5 0.020017 0.15
1014.0 0.019988 0.15
1014.5 0.019958999999999998 0.15
1015.0 0.01993 0.15
1015.5 0.019901 0.15
1016.0 0.019872 0.15
1016.5 0.019843 0.15
1017.0 0.019814 0.15
1017.5 0.019785 0.15
1018.0 0.019756 0.15
1018.5 0.019726999999999998 0.15
1019.0 0.019698 0.15
1019.5 0.019669 0.15
1020.0 0.019639999999999998 0.15
1020.5 0.019611 0.15
1021.0 0.019582 0.15
1021.5 0.019553 0.15
1022.0 0.019524 0.15
1022.5 0.019495 0.15
1023.0 0.019466 0.15
1023.5 0.019437 0.15
1024.0 0.019407999999999998 0.15
1024.5 0.019379 0.15
1025.0 0.01935 0.15
1025.5 0.019320999999999998 0.15
1026.0 0.019292 0.15
1026.5 0.019263 0.15
1027.0 0.019233999999999998 0.15
1027.5 0.019205 0.15
1028.0 0.019176 0.15
1028.5 0.019147 0.15
1029.0 0.019118 0.15
1029.5 0.019089 0.15
1030.0 0.01906 0.15
1030.5 0.019031 0.15
1031.0 0.019001999999999998 0.15
1031.5 0.018973 0.15
1032.0 0.018944 0.15
1032.5 0.018914999999999998 0.15
1033.0 0.018886 0.15
1033.5 0.018857 0.15
1034.0 0.018827999999999998 0.15
1034.5 0.018799 0.15
1035.0 0.01877 0.15
1035.5 0.018741 0.15
1036.0 0.018712 0.15
1036.5 0.018682999999999998 0.15
1037.0 0.018654 0.15
1037.5 0.018625 0.15
1038.0 0.018595999999999998 0.15
1038.5 0.018567 0.15
1039.0 0.018538 0.15
1039.5 0.018508999999999998 0.15
1040.0 0.01848 0.15
1040.5 0.018451 0.15
1041.0 0.018422 0.15
1041.5 0.018393 0.15
1042.0 0.018364 0.15
1042.5 0.018335 0.15
1043.0 0.018306 0.15
1043.5 0.018276999999999998 0.15
1044.0 0.018248 0.15
1044.5 0.018219 0.15
1045.0 0.018189999999999998 0.15
1045.5 0.018161 0.15
1046.0 0.018132 0.15
1046.5 0.018103 0.15
1047.0 0.018074 0.15
1047.5 0.018045 0.15
1048.0 0.018016 0.15
1048.5 0.017987 0.15
1049.0 0.017958 0.15
1049.5 0.017929 0.15
1050.0 0.0179 0.15
1050.5 0.017870999999999998 0.15
1051.0 0.017842 0.15
1051.5 0.017813 0.15
1052.0 0.017784 0.15
1052.5 0.017755 0.15
1053.0 0.017726 0.15
1053.5 0.017696999999999997 0.15
1054.0 0.017668 0.15
1054.5 0.017639 0.15
1055.0 0.01761 0.15
1055.5 0.017581 0.15
1056.0 0.017551999999999998 0.15
1056.5 0.017523 0.15
1057.0 0.017494 0.15
1057.5 0.017465 0.15
1058.0 0.017436 0.15
1058.5 0.017407 0.15
1059.0 0.017377999999999998 0.15
1059.5 0.017349 0.15
1060.0 0.01732 0.15
1060.5 0.017291 0.15
1061.0 0.017262 0.15
1061.5 0.017233 0.15
1062.0 0.017204 0.15
1062.5 0.017175 0.15
1063.0 0.017145999999999998 0.15
1063.5 0.017117 0.15
1064.0 0.017088 0.15
1064.5 0.017058999999999998 0.15
1065.0 0.01703 0.15
1065.5 0.017001 0.15
1066.0 0.016972 0.15
1066.5 0.016943 0.15
1067.0 0.016914 0.15
1067.5 0.016885 0.15
1068.0 0.016856 0.15
1068.5 0.016826999999999998 0.15
1069.0 0.016798 0.15
1069.5 0.016769 0.15
1070.0 0.016739999999999998 0.15
1070.5 0.016711 0.15
1071.0 0.016682 0.15
1071.5 0.016653 0.15
1072.0 0.016624 0.15
1072.5 0.016595 0.15
1073.0 0.016565999999999997 0.15
1073.5 0.016537 0.15
1074.0 0.016508 0.15
1074.5 0.016479 0.15
1075.0 0.01645 0.15
1075.5 0.016420999999999998 0.15
1076.0 0.016392 0.15
1076.5 0.016363 0.15
1077.0 0.016334 0.15
1077.5 0.016305 0.15
1078.0 0.016276 0.15
1078.5 0.016246999999999998 0.15
1079.0 0.016218 0.15
1079.5 0.016189 0.15
1080.0 0.01616 0.15
1080.5 0.016131 0.15
1081.0 0.016101999999999998 0.15
1081.5 0.016073 0.15
1082.0 0.016044 0.15
1082.5 0.016015 0.15
1083.0 0.015986 0.15
1083.5 0.015957 0.15
1084.0 0.015927999999999998 0.15
1084.5 0.015899 0.15
1085.0 0.01587 0.15
1085.5 0.015841 0.15
1086.0 0.015812 0.15
1086.5 0.015783 0.15
1087.0 0.015754 0.15
1087.5 0.015725 0.15
1088.0 0.015696 0.15
1088.5 0.015667 0.15
1089.0 0.015638 0.15
1089.5 0.015609 0.15
1090.0 0.01558 0.15
1090.5 0.015550999999999999 0.15
1091.0 0.015522 0.15
1091.5 0.015493 0.15
1092.0 0.015463999999999999 0.15
1092.5 0.015435 0.15
1093.0 0.015406 0.15
1093.5 0.015377 0.15
1094.0 0.015348 0.15
1094.5 0.015319 0.15
1095.0 0.01529 0.15
1095.5 0.015261 0.15
1096.0 0.015231999999999999 0.15
1096.5 0.015203 0.15
1097.0 0.015174 0.15
1097.5 0.015144999999999999 0.15
1098.0 0.015116000000000001 0.15
1098.5 0.015087 0.15
1099.0 0.015057999999999998 0.15
1099.5 0.015029 0.15
1100.0 0.015 0.15
1100.5 0.01498 0.15
1101.0 0.01496 0.15
1101.5 0.01494 0.15
1102.0 0.01492 0.15
1102.5 0.0149 0.15
1103.0 0.014879999999999999 0.15
1103.5 0.01486 0.15
1104.0 0.014839999999999999 0.15
1104.5 0.01482 0.15
1105.0 0.014799999999999999 0.15
1105.5 0.01478 0.15
1106.0 0.014759999999999999 0.15
1106.5 0.01474 0.15
1107.0 0.014719999999999999 0.15
1107.5 0.0147 0.15
1108.0 0.014679999999999999 0.15
1108.5 0.01466 0.15
1109.0 0.01464 0.15
1109.5 0.01462 0.15
1110.0 0.0146 0.15
1110.5 0.01458 0.15
1111.0 0.01456 0.15
1111.5 0.014539999999999999 0.15
1112.0 0.01452 0.15
1112.5 0.014499999999999999 0.15
1113.0 0.01448 0.15
1113.5 0.014459999999999999 0.15
1114.0 0.01444 0.15
1114.5 0.014419999999999999 0.15
1115.0 0.0144 0.15
1115.5 0.014379999999999999 0.15
1116.0 0.01436 0.15
1116.5 0.014339999999999999 0.15
1117.0 0.01432 0.15
1117.5 0.0143 0.15
1118.0 0.01428 0.15
1118.5 0.01426 0.15
1119.0 0.01424 0.15
1119.5 0.01422 0.15
1120.0 0.014199999999999999 0.15
1120.5 0.01418 0.15
1121.0 0.014159999999999999 0.15
1121.5 0.01414 0.15
1122.0 0.014119999999999999 0.15
1122.5 0.0141 0.15
1123.0 0.014079999999999999 0.15
1123.5 0.01406 0.15
1124.0 0.014039999999999999 0.15
1124.5 0.01402 0.15
1125.0 0.013999999999999999 0.15
1125.5 0.01398 0.15
1126.0 0.01396 0.15
1126.5 0.01394 0.15
1127.0 0.01392 0.15
1127.5 0.0139 0.15
1128.0 0.01388 0.15
1128.5 0.013859999999999999 0.15
1129.0 0.01384 0.15
1129.5 0.013819999999999999 0.15
1130.0 0.0138 0.15
1130.5 0.013779999999999999 0.15
1131.0 0.01376 0.15
1131.5 0.013739999999999999 0.15
1132.0 0.01372 0.15
1132.5 0.013699999999999999 0.15
1133.0 0.01368 0.15
1133.5 0.013659999999999999 0.15
1134.0 0.01364 0.15
1134.5 0.01362 0.15
1135.0 0.0136 0.15
1135.5 0.01358 0.15
1136.0 0.01356 0.15
1136.5 0.01354 0.15
1137.0 0.013519999999999999 0.15
1137.5 0.0135 0.15
1138.0 0.013479999999999999 0.15
1138.5 0.01346 0.15
1139.0 0.013439999999999999 0.15
1139.5 0.01342 0.15
1140.0 0.013399999999999999 0.15
1140.5 0.01338 0.15
1141.0 0.013359999999999999 0.15
1141.5 0.01334 0.15
1142.0 0.013319999999999999 0.15
1142.5 0.0133 0.15
1143.0 0.01328 0.15
1143.5 0.01326 0.15
1144.0 0.01324 0.15
1144.5 0.013219999999999999 0.15
1145.0 0.0132 0.15
1145.5 0.013179999999999999 0.15
1146.0 0.01316 0.15
1146.5 0.013139999999999999 0.15
1147.0 0.01312 0.15
1147.5 0.013099999999999999 0.15
1148.0 0.01308 0.15
1148.5 0.013059999999999999 0.15
1149.0 0.01304 0.15
1149.5 0.01302 0.15
1150.0 0.013 0.15
1150.5 0.012979999999999998 0.15
1151.0 0.01296 0.15
1151.5 0.01294 0.15
1152.0 0.01292 0.15
1152.5 0.012899999999999998 0.15
1153.0 0.012879999999999999 0.15
1153.5 0.01286 0.15
1154.0 0.012839999999999999 0.15
1154.5 0.01282 0.15
1155.0 0.012799999999999999 0.15
1155.5 0.01278 0.15
1156.0 0.012759999999999999 0.15
1156.5 0.01274 0.15
1157.0 0.012719999999999999 0.15
1157.5 0.0127 0.15
1158.0 0.01268 0.15
1158.5 0.01266 0.15
1159.0 0.012639999999999998 0.15
1159.5 0.01262 0.15
1160.0 0.0126 0.15
1160.5 0.01258 0.15
1161.0 0.012559999999999998 0.15
1161.5 0.012539999999999999 0.15
1162.0 0.01252 0.15
1162.5 0.012499999999999999 0.15
1163.0 0.01248 0.15
1163.5 0.012459999999999999 0.15
1164.0 0.01244 0.15
1164.5 0.012419999999999999 0.15
1165.0 0.0124 0.15
1165.5 0.012379999999999999 0.15
1166.0 0.01236 0.15
1166.5 0.01234 0.15
1167.0 0.01232 0.15
1167.5 0.012299999999999998 0.15
1168.0 0.01228 0.15
1168.5 0.01226 0.15
1169.0 0.01224 0.15
1169.5 0.012219999999999998 0.15
1170.0 0.012199999999999999 0.15
1170.5 0.01218 0.15
1171.0 0.012159999999999999 0.15
1171.5 0.01214 0.15
1172.0 0.012119999999999999 0.15
1172.5 0.0121 0.15
1173.0 0.012079999999999999 0.15
1173.5 0.01206 0.15
1174.0 0.012039999999999999 0.15
1174.5 0.01202 0.15
1175.0 0.012 0.15
1175.5 0.01198 0.15
1176.0 0.011959999999999998 0.15
1176.5 0.01194 0.15
1177.0 0.01192 0.15
1177.5 0.011899999999999999 0.15
1178.0 0.011879999999999998 0.15
1178.5 0.011859999999999999 0.15
1179.0 0.01184 0.15
1179.5 0.011819999999999999 0.15
1180.0 0.0118 0.15
1180.5 0.011779999999999999 0.15
1181.0 0.01176 0.15
1181.5 0.011739999999999999 0.15
1182.0 0.01172 0.15
1182.5 0.011699999999999999 0.15
1183.0 0.01168 0.15
1183.5 0.01166 0.15
1184.0 0.01164 0.15
1184.5 0.011619999999999998 0.15
1185.0 0.0116 0.15
1185.5 0.01158 0.15
1186.0 0.011559999999999999 0.15
1186.5 0.011539999999999998 0.15
1187.0 0.011519999999999999 0.15
1187.5 0.0115 0.15
1188.0 0.011479999999999999 0.15
1188.5 0.01146 0.15
1189.0 0.011439999999999999 0.15
1189.5 0.01142 0.15
1190.0 0.011399999999999999 0.15
1190.5 0.01138 0.15
1191.0 0.011359999999999999 0.15
1191.5 0.01134 0.15
1192.0 0.01132 0.15
1192.5 0.0113 0.15
1193.0 0.011279999999999998 0.15
1193.5 0.01126 0.15
1194.0 0.01124 0.15
1194.5 0.011219999999999999 0.15
1195.0 0.011199999999999998 0.15
1195.5 0.011179999999999999 0.15
1196.0 0.01116 0.15
1196.5 0.011139999999999999 0.15
1197.0 0.01112 0.15
1197.5 0.011099999999999999 0.15
1198.0 0.01108 0.15
1198.5 0.01106 0.15
1199.0 0.01104 0.15
1199.5 0.011019999999999999 0.15
1200.0 0.011 0.15
