#arXiv:2506.15515
#title:Search for single production of vector-like quarks decaying into $W(\ell\nu)b$ in $pp$ collisions at $\sqrt{s}=13$~TeV with the ATLAS detector
#luminosity 140 fb$^{-1}$ 
#Energy 13 TeV 
#ATLAS Collaborations 
#Fig6a
#pp→  Tbq → W(ℓν)b, singlet 
#m_T [GeV], Observed [pb], Expected [pb] 
1151.1 0.20417 0.19009
1177.6 0.20711 0.19339       
1181.6 0.20763 0.19385
1224.1 0.21328 0.19892
1228.1 0.21389 0.19938  
1232.0 0.21451 0.19983 
1236.0 0.21514 0.20029
1295.4 0.22558 0.20698
1299.4 0.22634 0.20742
1307.2 0.22789 0.20829       
1311.0 0.22868 0.20873         
1325.8 0.23192 0.21001  
1360.6 0.23999 0.21163       
1378.1 0.24461 0.21259          
1391.3 0.24849 0.21339 
1395.1 0.24948 0.2137      
1408.2 0.25344 0.21477
1424.5 0.25863 0.21659  
1428.0 0.25972 0.21711 
1440.0 0.2644 0.21884         
1451.5 0.26937 0.22083        
1459.1 0.2732  0.22232 
1462.7 0.27448 0.22309          
1473.8 0.2796  0.22547 
1488.1 0.28587 0.22872        
1491.0 0.28711 0.22953
1499.2 0.29076 0.23116 
1502.7 0.29195 0.23197        
1521.1 0.29877 0.23597
1524.4 0.29985 0.23673
1566.2 0.31361 0.24461
1573.1 0.31564 0.246
1589.3 0.32061 0.24874
1593.2 0.32159 0.24942
1600.1 0.32353 0.25078
1624.2 0.33007 0.25494
1631.6 0.33186 0.2564       
1635.2 0.33274 0.25716 
1697.3 0.3472 0.2693       
1729.3 0.35511 0.275
1740.0 0.35793 0.27724
1763.5 0.36482 0.28193
1767.0 0.36582 0.28275 
1789.1 0.37312 0.28788
1796.1 0.37531 0.28971
1799.3 0.37643 0.29065
1823.1 0.38584 0.29762 
1826.2 0.38706 0.29868     
1829.2 0.38828 0.29977         
1832.1 0.38949 0.30087      
1835.0 0.3907 0.30201         
1883.1 0.40946 0.32109
1889.4 0.41159 0.3234 
1892.4 0.41263 0.32454
1943.4 0.42743 0.34167       
1947.0 0.42833 0.34267        
1950.5 0.42921 0.34365 
1957.3 0.43092 0.34561
1991.4 0.43824 0.35507      
1995.2 0.43904 0.35599
2002.4 0.44063 0.35783 
2047.1 0.45051 0.37
2054.4 0.45225 0.37192
2061.3 0.45403 0.37385 
2068.2 0.45584 0.3758
2107.0 0.46603 0.38822         
2110.5 0.46699 0.38933          
2113.7 0.46795 0.39045 
2120.0 0.46992 0.3927
2147.1 0.47811 0.40315       
2150.1 0.47915 0.40437  
2153.0 0.48021 0.4056
2169.6 0.4856 0.41323       
2172.6 0.48669 0.41452 
2175.4 0.48779 0.41583
2188.5 0.49221 0.42245
2191.5 0.49331 0.42379 
2194.2 0.49442 0.42515
2204.3 0.49768 0.43058       
2207.4 0.49876 0.43194 
2210.0 0.49984 0.4333 
2217.1 0.50198 0.43738         
2220.3 0.50306 0.43873    
2223.2 0.50412 0.44008   
2236.5 0.50832 0.44676       
2239.3 0.50935 0.44808  
2263.5 0.51626 0.45992       
2266.5 0.51721 0.46123
2277.4 0.52001 0.46641       
2280.3 0.52092 0.4677
2291.5 0.52367 0.47276
2312.0 0.52913 0.48129	 
2323.3 0.53184 0.48601       

