#mT Tbq_01 Tbq_02 Tbq_03
800.0 0.675 0.65 0.631
800.5 0.6740975 0.6491225 0.6301325
801.0 0.6731950000000001 0.6482450000000001 0.629265
801.5 0.6722925000000001 0.6473675 0.6283975
802.0 0.67139 0.64649 0.62753
802.5 0.6704875 0.6456125 0.6266625
803.0 0.6695850000000001 0.6447350000000001 0.625795
803.5 0.6686825000000001 0.6438575 0.6249275
804.0 0.66778 0.64298 0.6240600000000001
804.5 0.6668775 0.6421025 0.6231925
805.0 0.6659750000000001 0.641225 0.622325
805.5 0.6650725000000001 0.6403475000000001 0.6214575
806.0 0.66417 0.63947 0.62059
806.5 0.6632675 0.6385925 0.6197225
807.0 0.6623650000000001 0.637715 0.618855
807.5 0.6614625000000001 0.6368375000000001 0.6179875
808.0 0.66056 0.63596 0.61712
808.5 0.6596575 0.6350825 0.6162525
809.0 0.6587550000000001 0.634205 0.615385
809.5 0.6578525000000001 0.6333275 0.6145175
810.0 0.65695 0.6324500000000001 0.61365
810.5 0.6560475 0.6315725 0.6127825
811.0 0.6551450000000001 0.630695 0.611915
811.5 0.6542425000000001 0.6298175 0.6110475
812.0 0.65334 0.62894 0.6101800000000001
812.5 0.6524375 0.6280625 0.6093125
813.0 0.6515350000000001 0.627185 0.608445
813.5 0.6506325000000001 0.6263075 0.6075775
814.0 0.64973 0.62543 0.60671
814.5 0.6488275 0.6245525000000001 0.6058425
815.0 0.6479250000000001 0.623675 0.604975
815.5 0.6470225000000001 0.6227975 0.6041075
816.0 0.64612 0.62192 0.60324
816.5 0.6452175 0.6210425 0.6023725
817.0 0.6443150000000001 0.620165 0.601505
817.5 0.6434125 0.6192875 0.6006375
818.0 0.64251 0.61841 0.59977
818.5 0.6416075 0.6175325 0.5989025
819.0 0.6407050000000001 0.6166550000000001 0.598035
819.5 0.6398025 0.6157775 0.5971675
820.0 0.6389 0.6149 0.5963
820.5 0.6379975 0.6140225 0.5954325
821.0 0.6370950000000001 0.613145 0.594565
821.5 0.6361925 0.6122675 0.5936975
822.0 0.63529 0.61139 0.59283
822.5 0.6343875 0.6105125 0.5919625
823.0 0.6334850000000001 0.609635 0.591095
823.5 0.6325825 0.6087575000000001 0.5902275
824.0 0.63168 0.60788 0.58936
824.5 0.6307775 0.6070025 0.5884925
825.0 0.6298750000000001 0.606125 0.587625
825.5 0.6289725 0.6052475 0.5867575
826.0 0.62807 0.6043700000000001 0.58589
826.5 0.6271675 0.6034925 0.5850225
827.0 0.6262650000000001 0.602615 0.584155
827.5 0.6253625 0.6017375 0.5832875
828.0 0.62446 0.6008600000000001 0.58242
828.5 0.6235575 0.5999825 0.5815525
829.0 0.6226550000000001 0.599105 0.580685
829.5 0.6217525 0.5982275 0.5798175
830.0 0.62085 0.59735 0.57895
830.5 0.6199475000000001 0.5964725 0.5780825
831.0 0.6190450000000001 0.595595 0.577215
831.5 0.6181425 0.5947175 0.5763475
832.0 0.61724 0.59384 0.57548
832.5 0.6163375 0.5929625000000001 0.5746125
833.0 0.6154350000000001 0.592085 0.573745
833.5 0.6145325 0.5912075 0.5728775
834.0 0.61363 0.59033 0.57201
834.5 0.6127275000000001 0.5894525 0.5711425
835.0 0.6118250000000001 0.5885750000000001 0.570275
835.5 0.6109225 0.5876975 0.5694075
836.0 0.61002 0.58682 0.56854
836.5 0.6091175 0.5859425 0.5676725
837.0 0.6082150000000001 0.5850650000000001 0.566805
837.5 0.6073125 0.5841875 0.5659375
838.0 0.60641 0.58331 0.56507
838.5 0.6055075000000001 0.5824325 0.5642024999999999
839.0 0.6046050000000001 0.581555 0.563335
839.5 0.6037025 0.5806775 0.5624675
840.0 0.6028 0.5798 0.5616
840.5 0.6018975000000001 0.5789225 0.5607325
841.0 0.6009950000000001 0.578045 0.5598650000000001
841.5 0.6000925 0.5771675 0.5589975
842.0 0.59919 0.57629 0.55813
842.5 0.5982875000000001 0.5754125 0.5572625
843.0 0.597385 0.574535 0.556395
843.5 0.5964825 0.5736575 0.5555275
844.0 0.59558 0.5727800000000001 0.55466
844.5 0.5946775000000001 0.5719025 0.5537925
845.0 0.593775 0.571025 0.552925
845.5 0.5928725 0.5701475 0.5520575
846.0 0.59197 0.56927 0.55119
846.5 0.5910675000000001 0.5683925 0.5503225
847.0 0.590165 0.567515 0.549455
847.5 0.5892625 0.5666375 0.5485875
848.0 0.58836 0.56576 0.54772
848.5 0.5874575000000001 0.5648825 0.5468525
849.0 0.586555 0.564005 0.5459849999999999
849.5 0.5856525 0.5631275 0.5451175
850.0 0.58475 0.56225 0.54425
850.5 0.5838475000000001 0.5613725 0.5433825
851.0 0.582945 0.560495 0.542515
851.5 0.5820425 0.5596175 0.5416475
852.0 0.58114 0.55874 0.54078
852.5 0.5802375000000001 0.5578625 0.5399125
853.0 0.579335 0.5569850000000001 0.539045
853.5 0.5784325 0.5561075 0.5381775
854.0 0.57753 0.55523 0.53731
854.5 0.5766275000000001 0.5543525 0.5364424999999999
855.0 0.575725 0.553475 0.535575
855.5 0.5748225 0.5525975 0.5347075
856.0 0.57392 0.55172 0.53384
856.5 0.5730175000000001 0.5508425 0.5329725
857.0 0.572115 0.549965 0.532105
857.5 0.5712125 0.5490875 0.5312375
858.0 0.5703100000000001 0.54821 0.53037
858.5 0.5694075000000001 0.5473325 0.5295025
859.0 0.568505 0.546455 0.528635
859.5 0.5676025 0.5455775 0.5277675
860.0 0.5667 0.5447 0.5269
860.5 0.5657975000000001 0.5438225 0.5260325
861.0 0.564895 0.542945 0.525165
861.5 0.5639925 0.5420675 0.5242975
862.0 0.5630900000000001 0.5411900000000001 0.52343
862.5 0.5621875000000001 0.5403125 0.5225625
863.0 0.561285 0.539435 0.521695
863.5 0.5603825 0.5385575 0.5208275
864.0 0.55948 0.53768 0.51996
864.5 0.5585775000000001 0.5368025 0.5190925
865.0 0.557675 0.535925 0.5182249999999999
865.5 0.5567725 0.5350475 0.5173575
866.0 0.5558700000000001 0.53417 0.51649
866.5 0.5549675000000001 0.5332925 0.5156225
867.0 0.554065 0.532415 0.514755
867.5 0.5531625 0.5315375 0.5138875
868.0 0.55226 0.53066 0.51302
868.5 0.5513575000000001 0.5297825 0.5121525
869.0 0.550455 0.528905 0.511285
869.5 0.5495525 0.5280275 0.5104175
870.0 0.5486500000000001 0.52715 0.50955
870.5 0.5477475 0.5262725 0.5086825
871.0 0.546845 0.5253950000000001 0.507815
871.5 0.5459425 0.5245175 0.5069475
872.0 0.54504 0.52364 0.50608
872.5 0.5441375 0.5227625 0.5052125
873.0 0.543235 0.521885 0.504345
873.5 0.5423325 0.5210075000000001 0.5034775
874.0 0.5414300000000001 0.52013 0.50261
874.5 0.5405275 0.5192525 0.5017425
875.0 0.539625 0.518375 0.500875
875.5 0.5387225 0.5174974999999999 0.5000074999999999
876.0 0.53782 0.51662 0.49914000000000003
876.5 0.5369175 0.5157425 0.4982725
877.0 0.536015 0.514865 0.497405
877.5 0.5351125 0.5139875 0.49653749999999997
878.0 0.5342100000000001 0.51311 0.49567
878.5 0.5333075 0.5122325 0.4948025
879.0 0.532405 0.511355 0.493935
879.5 0.5315025 0.5104775 0.4930675
880.0 0.5306 0.5096 0.49219999999999997
880.5 0.5296975 0.5087225 0.49133249999999995
881.0 0.528795 0.507845 0.490465
881.5 0.5278925000000001 0.5069675 0.4895975
882.0 0.5269900000000001 0.50609 0.48873
882.5 0.5260875 0.5052125000000001 0.4878625
883.0 0.525185 0.504335 0.48699499999999996
883.5 0.5242825 0.5034575 0.4861275
884.0 0.5233800000000001 0.50258 0.48526
884.5 0.5224775 0.5017024999999999 0.4843925
885.0 0.521575 0.500825 0.483525
885.5 0.5206725000000001 0.4999475 0.48265749999999996
886.0 0.5197700000000001 0.49907 0.48179
886.5 0.5188675 0.49819250000000004 0.4809225
887.0 0.517965 0.497315 0.480055
887.5 0.5170625 0.4964375 0.4791875
888.0 0.5161600000000001 0.49556 0.47831999999999997
888.5 0.5152575 0.4946825 0.47745249999999995
889.0 0.514355 0.493805 0.476585
889.5 0.5134525000000001 0.49292749999999996 0.4757175
890.0 0.5125500000000001 0.49205 0.47485
890.5 0.5116475 0.4911725 0.4739825
891.0 0.510745 0.49029500000000004 0.47311499999999995
891.5 0.5098425 0.4894175 0.4722475
892.0 0.5089400000000001 0.48854 0.47138
892.5 0.5080375 0.4876625 0.4705125
893.0 0.507135 0.486785 0.469645
893.5 0.5062325000000001 0.4859075 0.46877749999999996
894.0 0.5053300000000001 0.48502999999999996 0.46791
894.5 0.5044275 0.4841525 0.46704249999999997
895.0 0.503525 0.483275 0.466175
895.5 0.5026225 0.48239750000000003 0.4653075
896.0 0.50172 0.48152 0.46443999999999996
896.5 0.5008175 0.4806425 0.4635725
897.0 0.499915 0.479765 0.462705
897.5 0.4990125 0.4788875 0.4618375
898.0 0.49811000000000005 0.47801 0.46097
898.5 0.4972075 0.47713249999999996 0.46010249999999997
899.0 0.496305 0.476255 0.45923499999999995
899.5 0.4954025 0.4753775 0.4583675
900.0 0.49450000000000005 0.47450000000000003 0.4575
900.5 0.4935975 0.4736225 0.4566325
901.0 0.492695 0.47274499999999997 0.455765
901.5 0.4917925 0.4718675 0.45489749999999995
902.0 0.49089000000000005 0.47099 0.45403
902.5 0.4899875 0.4701125 0.4531625
903.0 0.489085 0.46923499999999996 0.452295
903.5 0.4881825 0.4683575 0.4514275
904.0 0.48728000000000005 0.46748 0.45055999999999996
904.5 0.4863775 0.46660250000000003 0.4496925
905.0 0.485475 0.465725 0.448825
905.5 0.4845725 0.46484749999999997 0.4479575
906.0 0.48367000000000004 0.46397 0.44709
906.5 0.4827675 0.4630925 0.44622249999999997
907.0 0.481865 0.462215 0.44535499999999995
907.5 0.4809625 0.46133749999999996 0.4444875
908.0 0.48006000000000004 0.46046 0.44362
908.5 0.4791575 0.4595825 0.4427525
909.0 0.478255 0.45870500000000003 0.441885
909.5 0.4773525 0.4578275 0.44101749999999995
910.0 0.47645000000000004 0.45694999999999997 0.44015
910.5 0.4755475 0.4560725 0.4392825
911.0 0.474645 0.455195 0.438415
911.5 0.4737425 0.4543175 0.4375475
912.0 0.47284000000000004 0.45343999999999995 0.43667999999999996
912.5 0.4719375 0.4525625 0.4358125
913.0 0.47103500000000004 0.451685 0.43494499999999997
913.5 0.47013250000000006 0.4508075 0.4340775
914.0 0.46923000000000004 0.44993 0.43321
914.5 0.4683275 0.44905249999999997 0.43234249999999996
915.0 0.46742500000000003 0.448175 0.43147499999999994
915.5 0.46652250000000006 0.4472975 0.4306075
916.0 0.46562000000000003 0.44642 0.42974
916.5 0.4647175 0.44554249999999995 0.4288725
917.0 0.46381500000000003 0.444665 0.42800499999999997
917.5 0.46291250000000006 0.4437875 0.42713749999999995
918.0 0.46201000000000003 0.44291 0.42627
918.5 0.4611075 0.4420325 0.4254025
919.0 0.46020500000000003 0.44115499999999996 0.424535
919.5 0.45930250000000006 0.4402775 0.4236675
920.0 0.45840000000000003 0.4394 0.42279999999999995
920.5 0.4574975 0.4385225 0.4219325
921.0 0.45659500000000003 0.43764499999999995 0.42106499999999997
921.5 0.45569250000000006 0.4367675 0.4201975
922.0 0.45479 0.43589 0.41933
922.5 0.4538875 0.4350125 0.41846249999999996
923.0 0.452985 0.434135 0.41759499999999994
923.5 0.45208250000000005 0.43325749999999996 0.4167275
924.0 0.45118 0.43238 0.41586
924.5 0.4502775 0.4315025 0.4149925
925.0 0.449375 0.430625 0.41412499999999997
925.5 0.44847250000000005 0.42974749999999995 0.41325749999999994
926.0 0.44757 0.42887 0.41239
926.5 0.4466675 0.4279925 0.4115225
927.0 0.445765 0.427115 0.410655
927.5 0.44486250000000005 0.4262375 0.40978749999999997
928.0 0.44396 0.42535999999999996 0.40891999999999995
928.5 0.4430575 0.4244825 0.4080525
929.0 0.442155 0.423605 0.407185
929.5 0.44125250000000005 0.4227275 0.4063175
930.0 0.44035 0.42184999999999995 0.40545
930.5 0.4394475 0.42097249999999997 0.40458249999999996
931.0 0.438545 0.420095 0.403715
931.5 0.43764250000000005 0.4192175 0.40284749999999997
932.0 0.43674 0.41834 0.40198
932.5 0.4358375 0.41746249999999996 0.4011125
933.0 0.434935 0.416585 0.40024499999999996
933.5 0.43403250000000004 0.4157075 0.39937749999999994
934.0 0.43313 0.41483 0.39851
934.5 0.4322275 0.41395249999999995 0.3976425
935.0 0.431325 0.41307499999999997 0.396775
935.5 0.43042250000000004 0.4121975 0.39590749999999997
936.0 0.42952 0.41132 0.39503999999999995
936.5 0.4286175 0.4104425 0.3941725
937.0 0.427715 0.40956499999999996 0.393305
937.5 0.42681250000000004 0.4086875 0.3924375
938.0 0.42591 0.40781 0.39157
938.5 0.4250075 0.4069325 0.39070249999999995
939.0 0.424105 0.40605499999999994 0.389835
939.5 0.42320250000000004 0.40517749999999997 0.38896749999999997
940.0 0.4223 0.4043 0.3881
940.5 0.42139750000000004 0.4034225 0.3872325
941.0 0.420495 0.402545 0.38636499999999996
941.5 0.41959250000000003 0.40166749999999996 0.38549749999999994
942.0 0.41869 0.40079 0.38462999999999997
942.5 0.41778750000000003 0.3999125 0.3837625
943.0 0.416885 0.399035 0.382895
943.5 0.41598250000000003 0.3981575 0.38202749999999996
944.0 0.41508 0.39727999999999997 0.38115999999999994
944.5 0.41417750000000003 0.3964025 0.3802925
945.0 0.413275 0.39552499999999996 0.37942499999999996
945.5 0.41237250000000003 0.3946475 0.3785575
946.0 0.41147 0.39377 0.37768999999999997
946.5 0.41056750000000003 0.3928925 0.37682249999999995
947.0 0.409665 0.392015 0.375955
947.5 0.40876250000000003 0.39113749999999997 0.37508749999999996
948.0 0.40786 0.39026 0.37422
948.5 0.4069575 0.38938249999999996 0.3733525
949.0 0.406055 0.388505 0.37248499999999996
949.5 0.4051525 0.38762749999999996 0.3716175
950.0 0.40425 0.38675 0.37074999999999997
950.5 0.4033475 0.3858725 0.36988249999999995
951.0 0.402445 0.384995 0.369015
951.5 0.4015425 0.3841175 0.36814749999999996
952.0 0.40064 0.38323999999999997 0.36728
952.5 0.3997375 0.3823625 0.3664125
953.0 0.398835 0.38148499999999996 0.36554499999999995
953.5 0.3979325 0.3806075 0.3646775
954.0 0.39703 0.37972999999999996 0.36380999999999997
954.5 0.3961275 0.3788525 0.36294249999999995
955.0 0.395225 0.377975 0.362075
955.5 0.3943225 0.3770975 0.36120749999999996
956.0 0.39342 0.37622 0.36034
956.5 0.3925175 0.37534249999999997 0.3594725
957.0 0.391615 0.374465 0.35860499999999995
957.5 0.3907125 0.37358749999999996 0.3577375
958.0 0.38981 0.37271 0.35686999999999997
958.5 0.3889075 0.37183249999999995 0.35600249999999994
959.0 0.388005 0.370955 0.355135
959.5 0.3871025 0.3700775 0.35426749999999996
960.0 0.3862 0.3692 0.3534
960.5 0.3852975 0.3683225 0.35253249999999997
961.0 0.38439500000000004 0.36744499999999997 0.35166499999999995
961.5 0.3834925 0.3665675 0.3507975
962.0 0.38259000000000004 0.36568999999999996 0.34992999999999996
962.5 0.3816875 0.3648125 0.3490625
963.0 0.38078500000000004 0.36393499999999995 0.348195
963.5 0.3798825 0.3630575 0.34732749999999996
964.0 0.37898000000000004 0.36218 0.34646
964.5 0.3780775 0.36130249999999997 0.34559249999999997
965.0 0.37717500000000004 0.360425 0.34472499999999995
965.5 0.3762725 0.35954749999999996 0.3438575
966.0 0.37537000000000004 0.35867 0.34298999999999996
966.5 0.3744675 0.35779249999999996 0.3421225
967.0 0.37356500000000004 0.356915 0.341255
967.5 0.3726625 0.35603749999999995 0.34038749999999995
968.0 0.37176000000000003 0.35516 0.33952
968.5 0.3708575 0.3542825 0.33865249999999997
969.0 0.36995500000000003 0.35340499999999997 0.33778499999999995
969.5 0.3690525 0.3525275 0.3369175
970.0 0.36815000000000003 0.35164999999999996 0.33604999999999996
970.5 0.3672475 0.3507725 0.3351825
971.0 0.36634500000000003 0.34989499999999996 0.334315
971.5 0.3654425 0.3490175 0.33344749999999995
972.0 0.36454000000000003 0.34813999999999995 0.33258
972.5 0.3636375 0.3472625 0.33171249999999997
973.0 0.36273500000000003 0.346385 0.33084499999999994
973.5 0.3618325 0.34550749999999997 0.3299775
974.0 0.36093000000000003 0.34463 0.32910999999999996
974.5 0.3600275 0.34375249999999996 0.3282425
975.0 0.359125 0.342875 0.32737499999999997
975.5 0.3582225 0.34199749999999995 0.32650749999999995
976.0 0.35732 0.34112 0.32564
976.5 0.3564175 0.34024249999999995 0.32477249999999996
977.0 0.355515 0.33936499999999997 0.32390499999999994
977.5 0.3546125 0.3384875 0.3230375
978.0 0.35371 0.33760999999999997 0.32216999999999996
978.5 0.3528075 0.3367325 0.3213025
979.0 0.351905 0.33585499999999996 0.32043499999999997
979.5 0.3510025 0.3349775 0.31956749999999995
980.0 0.3501 0.33409999999999995 0.3187
980.5 0.3491975 0.3332225 0.31783249999999996
981.0 0.348295 0.332345 0.31696499999999994
981.5 0.3473925 0.33146749999999997 0.3160975
982.0 0.34649 0.33059 0.31522999999999995
982.5 0.3455875 0.32971249999999996 0.3143625
983.0 0.344685 0.328835 0.31349499999999997
983.5 0.3437825 0.32795749999999996 0.31262749999999995
984.0 0.34288 0.32708 0.31176
984.5 0.3419775 0.32620249999999995 0.31089249999999996
985.0 0.341075 0.325325 0.31002499999999994
985.5 0.3401725 0.3244475 0.3091575
986.0 0.33927 0.32356999999999997 0.30828999999999995
986.5 0.3383675 0.3226925 0.3074225
987.0 0.337465 0.32181499999999996 0.30655499999999997
987.5 0.3365625 0.3209375 0.30568749999999995
988.0 0.33566 0.32005999999999996 0.30482
988.5 0.3347575 0.3191825 0.30395249999999996
989.0 0.333855 0.31830499999999995 0.30308499999999994
989.5 0.3329525 0.3174275 0.3022175
990.0 0.33205 0.31655 0.30134999999999995
990.5 0.3311475 0.31567249999999997 0.3004825
991.0 0.330245 0.314795 0.29961499999999996
991.5 0.3293425 0.31391749999999996 0.29874749999999994
992.0 0.32844 0.31304 0.29788
992.5 0.32753750000000004 0.31216249999999995 0.29701249999999996
993.0 0.326635 0.311285 0.296145
993.5 0.32573250000000004 0.31040749999999995 0.29527749999999997
994.0 0.32483 0.30952999999999997 0.29440999999999995
994.5 0.32392750000000003 0.3086525 0.2935425
995.0 0.323025 0.30777499999999997 0.29267499999999996
995.5 0.32212250000000003 0.3068975 0.29180749999999994
996.0 0.32122 0.30601999999999996 0.29094
996.5 0.32031750000000003 0.3051425 0.29007249999999996
997.0 0.319415 0.30426499999999995 0.289205
997.5 0.31851250000000003 0.3033875 0.28833749999999997
998.0 0.31761 0.30250999999999995 0.28746999999999995
998.5 0.31670750000000003 0.30163249999999997 0.2866025
999.0 0.315805 0.300755 0.28573499999999996
999.5 0.31490250000000003 0.29987749999999996 0.28486749999999994
1000.0 0.314 0.299 0.284
1000.5 0.31361 0.298625 0.28364249999999996
1001.0 0.31322 0.29825 0.28328499999999995
1001.5 0.31283 0.297875 0.2829275
1002.0 0.31244 0.2975 0.28257
1002.5 0.31205 0.297125 0.2822125
1003.0 0.31166 0.29675 0.28185499999999997
1003.5 0.31127 0.296375 0.28149749999999996
1004.0 0.31088 0.296 0.28114
1004.5 0.31049 0.29562499999999997 0.2807825
1005.0 0.3101 0.29525 0.280425
1005.5 0.30971 0.294875 0.28006749999999997
1006.0 0.30932 0.2945 0.27970999999999996
1006.5 0.30893 0.29412499999999997 0.27935249999999995
1007.0 0.30854 0.29375 0.278995
1007.5 0.30815 0.293375 0.2786375
1008.0 0.30776 0.293 0.27827999999999997
1008.5 0.30737 0.29262499999999997 0.27792249999999996
1009.0 0.30698 0.29225 0.27756499999999995
1009.5 0.30659000000000003 0.291875 0.2772075
1010.0 0.3062 0.2915 0.27685
1010.5 0.30581 0.29112499999999997 0.2764925
1011.0 0.30542 0.29075 0.27613499999999996
1011.5 0.30503 0.290375 0.27577749999999995
1012.0 0.30464 0.29 0.27542
1012.5 0.30425 0.28962499999999997 0.2750625
1013.0 0.30386 0.28925 0.274705
1013.5 0.30347 0.288875 0.27434749999999997
1014.0 0.30308 0.2885 0.27398999999999996
1014.5 0.30269 0.28812499999999996 0.2736325
1015.0 0.3023 0.28775 0.273275
1015.5 0.30191 0.287375 0.2729175
1016.0 0.30152 0.287 0.27255999999999997
1016.5 0.30113 0.28662499999999996 0.27220249999999996
1017.0 0.30074 0.28625 0.271845
1017.5 0.30035 0.285875 0.2714875
1018.0 0.29996 0.2855 0.27113
1018.5 0.29957 0.28512499999999996 0.27077249999999997
1019.0 0.29918 0.28475 0.27041499999999996
1019.5 0.29879 0.284375 0.27005749999999995
1020.0 0.2984 0.284 0.2697
1020.5 0.29801 0.283625 0.2693425
1021.0 0.29762 0.28325 0.268985
1021.5 0.29723 0.282875 0.26862749999999996
1022.0 0.29684 0.2825 0.26826999999999995
1022.5 0.29645 0.28212499999999996 0.2679125
1023.0 0.29606 0.28175 0.267555
1023.5 0.29567 0.281375 0.2671975
1024.0 0.29528 0.28099999999999997 0.26683999999999997
1024.5 0.29489 0.280625 0.26648249999999996
1025.0 0.2945 0.28025 0.266125
1025.5 0.29411 0.279875 0.2657675
1026.0 0.29372 0.27949999999999997 0.26541
1026.5 0.29333 0.279125 0.26505249999999997
1027.0 0.29294 0.27875 0.26469499999999996
1027.5 0.29255 0.278375 0.2643375
1028.0 0.29216 0.27799999999999997 0.26398
1028.5 0.29177 0.277625 0.2636225
1029.0 0.29138 0.27725 0.26326499999999997
1029.5 0.29099 0.276875 0.26290749999999996
1030.0 0.2906 0.27649999999999997 0.26254999999999995
1030.5 0.29021 0.276125 0.2621925
1031.0 0.28982 0.27575 0.261835
1031.5 0.28943 0.275375 0.2614775
1032.0 0.28904 0.27499999999999997 0.26111999999999996
1032.5 0.28865 0.274625 0.26076249999999995
1033.0 0.28826 0.27425 0.260405
1033.5 0.28787 0.273875 0.2600475
1034.0 0.28748 0.27349999999999997 0.25969
1034.5 0.28709 0.273125 0.25933249999999997
1035.0 0.2867 0.27275 0.25897499999999996
1035.5 0.28631 0.272375 0.2586175
1036.0 0.28592 0.27199999999999996 0.25826
1036.5 0.28553 0.271625 0.2579025
1037.0 0.28514 0.27125 0.25754499999999997
1037.5 0.28475 0.270875 0.25718749999999996
1038.0 0.28436 0.27049999999999996 0.25683
1038.5 0.28397 0.270125 0.2564725
1039.0 0.28358 0.26975 0.256115
1039.5 0.28319 0.269375 0.25575749999999997
1040.0 0.2828 0.269 0.25539999999999996
1040.5 0.28241 0.268625 0.25504249999999995
1041.0 0.28202 0.26825 0.254685
1041.5 0.28163 0.267875 0.2543275
1042.0 0.28124 0.26749999999999996 0.25397
1042.5 0.28085 0.267125 0.25361249999999996
1043.0 0.28046 0.26675 0.25325499999999995
1043.5 0.28007 0.266375 0.2528975
1044.0 0.27968 0.266 0.25254
1044.5 0.27929 0.265625 0.2521825
1045.0 0.2789 0.26525 0.25182499999999997
1045.5 0.27851 0.26487499999999997 0.25146749999999995
1046.0 0.27812 0.26449999999999996 0.25111
1046.5 0.27773000000000003 0.264125 0.2507525
1047.0 0.27734000000000003 0.26375 0.250395
1047.5 0.27695000000000003 0.26337499999999997 0.25003749999999997
1048.0 0.27656000000000003 0.263 0.24967999999999999
1048.5 0.27617 0.262625 0.24932249999999997
1049.0 0.27578 0.26225 0.248965
1049.5 0.27539 0.26187499999999997 0.24860749999999998
1050.0 0.275 0.2615 0.24824999999999997
1050.5 0.27461 0.261125 0.2478925
1051.0 0.27422 0.26075 0.24753499999999998
1051.5 0.27383 0.26037499999999997 0.2471775
1052.0 0.27344 0.26 0.24681999999999998
1052.5 0.27305 0.259625 0.24646249999999997
1053.0 0.27266 0.25925 0.24610499999999996
1053.5 0.27227 0.25887499999999997 0.24574749999999998
1054.0 0.27188 0.2585 0.24538999999999997
1054.5 0.27149 0.258125 0.2450325
1055.0 0.2711 0.25775 0.24467499999999998
1055.5 0.27071 0.25737499999999996 0.24431749999999997
1056.0 0.27032 0.257 0.24395999999999998
1056.5 0.26993 0.256625 0.24360249999999997
1057.0 0.26954 0.25625 0.243245
1057.5 0.26915 0.25587499999999996 0.24288749999999998
1058.0 0.26876 0.2555 0.24252999999999997
1058.5 0.26837 0.255125 0.24217249999999998
1059.0 0.26798 0.25475 0.24181499999999997
1059.5 0.26759 0.254375 0.2414575
1060.0 0.2672 0.254 0.24109999999999998
1060.5 0.26681 0.253625 0.24074249999999997
1061.0 0.26642 0.25325 0.240385
1061.5 0.26603 0.25287499999999996 0.24002749999999998
1062.0 0.26564 0.2525 0.23967
1062.5 0.26525 0.252125 0.23931249999999998
1063.0 0.26486 0.25175 0.23895499999999997
1063.5 0.26447 0.251375 0.23859749999999996
1064.0 0.26408 0.251 0.23823999999999998
1064.5 0.26369 0.250625 0.2378825
1065.0 0.2633 0.25025 0.237525
1065.5 0.26291 0.24987499999999999 0.23716749999999998
1066.0 0.26252 0.2495 0.23680999999999996
1066.5 0.26213 0.24912499999999999 0.23645249999999998
1067.0 0.26174 0.24874999999999997 0.23609499999999997
1067.5 0.26134999999999997 0.24837499999999998 0.2357375
1068.0 0.26096 0.248 0.23537999999999998
1068.5 0.26057 0.24762499999999998 0.23502249999999997
1069.0 0.26018 0.24724999999999997 0.23466499999999998
1069.5 0.25979 0.24687499999999998 0.23430749999999997
1070.0 0.2594 0.2465 0.23395
1070.5 0.25901 0.24612499999999998 0.23359249999999998
1071.0 0.25862 0.24575 0.23323499999999997
1071.5 0.25823 0.24537499999999998 0.2328775
1072.0 0.25784 0.245 0.23251999999999998
1072.5 0.25745 0.24462499999999998 0.2321625
1073.0 0.25706 0.24425 0.23180499999999998
1073.5 0.25667 0.24387499999999998 0.23144749999999997
1074.0 0.25628 0.2435 0.23109
1074.5 0.25589 0.24312499999999998 0.23073249999999998
1075.0 0.2555 0.24275 0.230375
1075.5 0.25511 0.24237499999999998 0.23001749999999999
1076.0 0.25472 0.242 0.22965999999999998
1076.5 0.25433 0.24162499999999998 0.22930249999999996
1077.0 0.25394 0.24125 0.22894499999999998
1077.5 0.25355 0.24087499999999998 0.22858749999999997
1078.0 0.25316 0.2405 0.22823
1078.5 0.25277 0.24012499999999998 0.22787249999999998
1079.0 0.25238 0.23975 0.22751499999999997
1079.5 0.25199 0.23937499999999998 0.22715749999999998
1080.0 0.2516 0.239 0.22679999999999997
1080.5 0.25121 0.23862499999999998 0.2264425
1081.0 0.25082 0.23825 0.22608499999999998
1081.5 0.25043 0.237875 0.22572749999999997
1082.0 0.25004 0.2375 0.22537
1082.5 0.24964999999999998 0.23712499999999997 0.22501249999999998
1083.0 0.24926 0.23675 0.224655
1083.5 0.24887 0.236375 0.22429749999999998
1084.0 0.24848 0.236 0.22393999999999997
1084.5 0.24809 0.23562499999999997 0.2235825
1085.0 0.2477 0.23525 0.22322499999999998
1085.5 0.24731 0.234875 0.2228675
1086.0 0.24692 0.2345 0.22250999999999999
1086.5 0.24653 0.23412499999999997 0.22215249999999997
1087.0 0.24614 0.23374999999999999 0.22179499999999996
1087.5 0.24575 0.233375 0.22143749999999998
1088.0 0.24536000000000002 0.23299999999999998 0.22108
1088.5 0.24497000000000002 0.23262499999999997 0.2207225
1089.0 0.24458000000000002 0.23224999999999998 0.22036499999999998
1089.5 0.24419000000000002 0.231875 0.22000749999999997
1090.0 0.24380000000000002 0.23149999999999998 0.21964999999999998
1090.5 0.24341000000000002 0.23112499999999997 0.2192925
1091.0 0.24302 0.23074999999999998 0.218935
1091.5 0.24263 0.230375 0.21857749999999998
1092.0 0.24224 0.22999999999999998 0.21821999999999997
1092.5 0.24185 0.22962499999999997 0.2178625
1093.0 0.24146 0.22924999999999998 0.21750499999999998
1093.5 0.24107 0.228875 0.2171475
1094.0 0.24068 0.22849999999999998 0.21678999999999998
1094.5 0.24029 0.22812499999999997 0.21643249999999997
1095.0 0.2399 0.22774999999999998 0.21607499999999996
1095.5 0.23951 0.227375 0.21571749999999998
1096.0 0.23912 0.22699999999999998 0.21536
1096.5 0.23873 0.226625 0.21500249999999999
1097.0 0.23834 0.22625 0.21464499999999997
1097.5 0.23795 0.225875 0.21428749999999996
1098.0 0.23756 0.22549999999999998 0.21392999999999998
1098.5 0.23717 0.225125 0.2135725
1099.0 0.23678 0.22475 0.213215
1099.5 0.23639 0.224375 0.21285749999999998
1100.0 0.236 0.22399999999999998 0.21249999999999997
1100.5 0.23560999999999999 0.223625 0.21214249999999998
1101.0 0.23521999999999998 0.22325 0.211785
1101.5 0.23482999999999998 0.222875 0.2114275
1102.0 0.23444 0.22249999999999998 0.21106999999999998
1102.5 0.23405 0.222125 0.21071249999999997
1103.0 0.23366 0.22175 0.210355
1103.5 0.23327 0.221375 0.20999749999999998
1104.0 0.23288 0.22099999999999997 0.20964
1104.5 0.23249 0.220625 0.20928249999999998
1105.0 0.2321 0.22025 0.20892499999999997
1105.5 0.23171 0.219875 0.2085675
1106.0 0.23132 0.21949999999999997 0.20820999999999998
1106.5 0.23093 0.219125 0.2078525
1107.0 0.23054000000000002 0.21875 0.20749499999999999
1107.5 0.23015000000000002 0.21837499999999999 0.20713749999999997
1108.0 0.22976000000000002 0.21799999999999997 0.20677999999999996
1108.5 0.22937000000000002 0.21762499999999999 0.20642249999999998
1109.0 0.22898000000000002 0.21725 0.206065
1109.5 0.22859000000000002 0.21687499999999998 0.2057075
1110.0 0.22820000000000001 0.21649999999999997 0.20534999999999998
1110.5 0.22781 0.21612499999999998 0.20499249999999997
1111.0 0.22742 0.21575 0.20463499999999998
1111.5 0.22703 0.21537499999999998 0.2042775
1112.0 0.22664 0.21499999999999997 0.20392
1112.5 0.22625 0.21462499999999998 0.20356249999999998
1113.0 0.22586 0.21425 0.20320499999999997
1113.5 0.22547 0.21387499999999998 0.2028475
1114.0 0.22508 0.21349999999999997 0.20249
1114.5 0.22469 0.21312499999999998 0.2021325
1115.0 0.2243 0.21275 0.20177499999999998
1115.5 0.22391 0.21237499999999998 0.20141749999999997
1116.0 0.22352 0.21199999999999997 0.20106
1116.5 0.22313 0.21162499999999998 0.20070249999999998
1117.0 0.22274 0.21125 0.200345
1117.5 0.22235 0.21087499999999998 0.19998749999999998
1118.0 0.22196 0.2105 0.19962999999999997
1118.5 0.22157 0.210125 0.19927249999999996
1119.0 0.22118 0.20975 0.19891499999999998
1119.5 0.22079 0.20937499999999998 0.1985575
1120.0 0.22039999999999998 0.209 0.1982
1120.5 0.22000999999999998 0.208625 0.19784249999999998
1121.0 0.21962 0.20825 0.19748499999999997
1121.5 0.21923 0.20787499999999998 0.19712749999999998
1122.0 0.21884 0.2075 0.19677
1122.5 0.21845 0.207125 0.1964125
1123.0 0.21806 0.20675 0.19605499999999998
1123.5 0.21767 0.20637499999999998 0.19569749999999997
1124.0 0.21728 0.206 0.19533999999999999
1124.5 0.21689 0.205625 0.1949825
1125.0 0.2165 0.20525 0.194625
1125.5 0.21611 0.20487499999999997 0.19426749999999998
1126.0 0.21572000000000002 0.2045 0.19390999999999997
1126.5 0.21533000000000002 0.204125 0.1935525
1127.0 0.21494000000000002 0.20375 0.19319499999999998
1127.5 0.21455000000000002 0.20337499999999997 0.1928375
1128.0 0.21416000000000002 0.20299999999999999 0.19247999999999998
1128.5 0.21377000000000002 0.202625 0.19212249999999997
1129.0 0.21338000000000001 0.20224999999999999 0.191765
1129.5 0.21299 0.20187499999999997 0.19140749999999998
1130.0 0.2126 0.20149999999999998 0.19105
1130.5 0.21221 0.201125 0.1906925
1131.0 0.21182 0.20074999999999998 0.19033499999999998
1131.5 0.21143 0.20037499999999997 0.18997749999999997
1132.0 0.21104 0.19999999999999998 0.18961999999999998
1132.5 0.21065 0.199625 0.1892625
1133.0 0.21026 0.19924999999999998 0.188905
1133.5 0.20987 0.19887499999999997 0.18854749999999998
1134.0 0.20948 0.19849999999999998 0.18818999999999997
1134.5 0.20909 0.198125 0.18783249999999999
1135.0 0.2087 0.19774999999999998 0.187475
1135.5 0.20831 0.19737499999999997 0.1871175
1136.0 0.20792 0.19699999999999998 0.18675999999999998
1136.5 0.20753 0.196625 0.18640249999999997
1137.0 0.20714 0.19624999999999998 0.186045
1137.5 0.20675 0.19587499999999997 0.1856875
1138.0 0.20636 0.19549999999999998 0.18533
1138.5 0.20597 0.195125 0.18497249999999998
1139.0 0.20557999999999998 0.19474999999999998 0.18461499999999997
1139.5 0.20518999999999998 0.194375 0.1842575
1140.0 0.2048 0.194 0.18389999999999998
1140.5 0.20441 0.193625 0.1835425
1141.0 0.20402 0.19324999999999998 0.183185
1141.5 0.20363 0.192875 0.18282749999999998
1142.0 0.20324 0.1925 0.18246999999999997
1142.5 0.20285 0.192125 0.18211249999999998
1143.0 0.20246 0.19174999999999998 0.181755
1143.5 0.20207 0.191375 0.1813975
1144.0 0.20168 0.191 0.18103999999999998
1144.5 0.20129 0.190625 0.18068249999999997
1145.0 0.20090000000000002 0.19024999999999997 0.18032499999999999
1145.5 0.20051000000000002 0.189875 0.1799675
1146.0 0.20012000000000002 0.1895 0.17961
1146.5 0.19973000000000002 0.189125 0.17925249999999998
1147.0 0.19934000000000002 0.18874999999999997 0.17889499999999997
1147.5 0.19895000000000002 0.188375 0.1785375
1148.0 0.19856000000000001 0.188 0.17818
1148.5 0.19817 0.187625 0.1778225
1149.0 0.19778 0.18724999999999997 0.17746499999999998
1149.5 0.19739 0.18687499999999999 0.17710749999999997
1150.0 0.197 0.1865 0.17675
1150.5 0.19661 0.18612499999999998 0.17639249999999998
1151.0 0.19622 0.18574999999999997 0.176035
1151.5 0.19583 0.18537499999999998 0.1756775
1152.0 0.19544 0.185 0.17531999999999998
1152.5 0.19505 0.18462499999999998 0.1749625
1153.0 0.19466 0.18424999999999997 0.17460499999999998
1153.5 0.19427 0.18387499999999998 0.1742475
1154.0 0.19388 0.1835 0.17389
1154.5 0.19349 0.18312499999999998 0.17353249999999998
1155.0 0.1931 0.18274999999999997 0.17317499999999997
1155.5 0.19271 0.18237499999999998 0.17281749999999999
1156.0 0.19232 0.182 0.17246
1156.5 0.19193 0.18162499999999998 0.1721025
1157.0 0.19154 0.18124999999999997 0.17174499999999998
1157.5 0.19115 0.18087499999999998 0.17138749999999997
1158.0 0.19075999999999999 0.1805 0.17103
1158.5 0.19036999999999998 0.18012499999999998 0.1706725
1159.0 0.18998 0.17974999999999997 0.170315
1159.5 0.18959 0.17937499999999998 0.16995749999999998
1160.0 0.1892 0.179 0.16959999999999997
1160.5 0.18881 0.17862499999999998 0.1692425
1161.0 0.18842 0.17825 0.168885
1161.5 0.18803 0.177875 0.1685275
1162.0 0.18764 0.1775 0.16817
1162.5 0.18725 0.17712499999999998 0.16781249999999998
1163.0 0.18686 0.17675 0.167455
1163.5 0.18647 0.176375 0.16709749999999998
1164.0 0.18608 0.176 0.16674
1164.5 0.18569 0.17562499999999998 0.1663825
1165.0 0.1853 0.17525 0.16602499999999998
1165.5 0.18491 0.174875 0.16566749999999997
1166.0 0.18452000000000002 0.1745 0.16530999999999998
1166.5 0.18413000000000002 0.17412499999999997 0.1649525
1167.0 0.18374000000000001 0.17375 0.164595
1167.5 0.18335 0.17337499999999997 0.16423749999999998
1168.0 0.18296 0.173 0.16387999999999997
1168.5 0.18257 0.17262499999999997 0.1635225
1169.0 0.18218 0.17225 0.163165
1169.5 0.18179 0.17187499999999997 0.1628075
1170.0 0.1814 0.17149999999999999 0.16244999999999998
1170.5 0.18101 0.17112499999999997 0.16209249999999997
1171.0 0.18062 0.17074999999999999 0.161735
1171.5 0.18023 0.170375 0.1613775
1172.0 0.17984 0.16999999999999998 0.16102
1172.5 0.17945 0.169625 0.16066249999999999
1173.0 0.17906 0.16924999999999998 0.16030499999999998
1173.5 0.17867 0.168875 0.1599475
1174.0 0.17828 0.16849999999999998 0.15958999999999998
1174.5 0.17789 0.168125 0.1592325
1175.0 0.1775 0.16774999999999998 0.158875
1175.5 0.17711000000000002 0.167375 0.15851749999999998
1176.0 0.17672000000000002 0.16699999999999998 0.15816
1176.5 0.17633000000000001 0.166625 0.15780249999999998
1177.0 0.17594 0.16624999999999998 0.157445
1177.5 0.17555 0.165875 0.1570875
1178.0 0.17516 0.16549999999999998 0.15672999999999998
1178.5 0.17477 0.165125 0.1563725
1179.0 0.17438 0.16474999999999998 0.156015
1179.5 0.17399 0.164375 0.15565749999999998
1180.0 0.1736 0.16399999999999998 0.1553
1180.5 0.17321 0.163625 0.15494249999999998
1181.0 0.17282 0.16324999999999998 0.154585
1181.5 0.17243 0.162875 0.1542275
1182.0 0.17204 0.16249999999999998 0.15386999999999998
1182.5 0.17165 0.162125 0.1535125
1183.0 0.17126 0.16174999999999998 0.15315499999999999
1183.5 0.17087 0.161375 0.15279749999999998
1184.0 0.17048 0.16099999999999998 0.15244
1184.5 0.17009 0.160625 0.15208249999999998
1185.0 0.16970000000000002 0.16024999999999998 0.151725
1185.5 0.16931000000000002 0.159875 0.1513675
1186.0 0.16892000000000001 0.15949999999999998 0.15100999999999998
1186.5 0.16853 0.159125 0.1506525
1187.0 0.16814 0.15874999999999997 0.15029499999999998
1187.5 0.16775 0.158375 0.1499375
1188.0 0.16736 0.15799999999999997 0.14958
1188.5 0.16697 0.157625 0.14922249999999998
1189.0 0.16658 0.15724999999999997 0.148865
1189.5 0.16619 0.156875 0.1485075
1190.0 0.1658 0.15649999999999997 0.14814999999999998
1190.5 0.16541 0.15612499999999999 0.1477925
1191.0 0.16502 0.15574999999999997 0.14743499999999998
1191.5 0.16463 0.15537499999999999 0.1470775
1192.0 0.16424 0.15499999999999997 0.14672
1192.5 0.16385 0.15462499999999998 0.14636249999999998
1193.0 0.16346 0.15425 0.146005
1193.5 0.16307 0.15387499999999998 0.14564749999999999
1194.0 0.16268 0.1535 0.14529
1194.5 0.16229000000000002 0.15312499999999998 0.1449325
1195.0 0.16190000000000002 0.15275 0.14457499999999998
1195.5 0.16151000000000001 0.15237499999999998 0.1442175
1196.0 0.16112 0.152 0.14386
1196.5 0.16073 0.15162499999999998 0.14350249999999998
1197.0 0.16034 0.15125 0.143145
1197.5 0.15995 0.15087499999999998 0.14278749999999998
1198.0 0.15956 0.1505 0.14243
1198.5 0.15917 0.15012499999999998 0.1420725
1199.0 0.15878 0.14975 0.14171499999999998
1199.5 0.15839 0.14937499999999998 0.1413575
1200.0 0.158 0.149 0.141
1200.5 0.157815 0.14882499999999999 0.1408325
1201.0 0.15763 0.14865 0.14066499999999998
1201.5 0.157445 0.148475 0.1404975
1202.0 0.15726 0.1483 0.14032999999999998
1202.5 0.157075 0.148125 0.1401625
1203.0 0.15689 0.14795 0.13999499999999998
1203.5 0.156705 0.147775 0.1398275
1204.0 0.15652 0.14759999999999998 0.13965999999999998
1204.5 0.156335 0.147425 0.1394925
1205.0 0.15615 0.14725 0.13932499999999998
1205.5 0.155965 0.14707499999999998 0.1391575
1206.0 0.15578 0.1469 0.13898999999999997
1206.5 0.155595 0.146725 0.1388225
1207.0 0.15541 0.14654999999999999 0.13865499999999997
1207.5 0.155225 0.146375 0.13848749999999999
1208.0 0.15504 0.1462 0.13832
1208.5 0.154855 0.146025 0.13815249999999998
1209.0 0.15467 0.14585 0.137985
1209.5 0.154485 0.145675 0.13781749999999998
1210.0 0.1543 0.1455 0.13765
1210.5 0.154115 0.14532499999999998 0.13748249999999998
1211.0 0.15393 0.14515 0.137315
1211.5 0.153745 0.144975 0.13714749999999998
1212.0 0.15356 0.14479999999999998 0.13698
1212.5 0.153375 0.144625 0.13681249999999998
1213.0 0.15319 0.14445 0.136645
1213.5 0.153005 0.144275 0.13647749999999997
1214.0 0.15282 0.1441 0.13631
1214.5 0.152635 0.143925 0.1361425
1215.0 0.15245 0.14375 0.13597499999999998
1215.5 0.152265 0.143575 0.1358075
1216.0 0.15208 0.1434 0.13563999999999998
1216.5 0.151895 0.143225 0.1354725
1217.0 0.15171 0.14304999999999998 0.13530499999999998
1217.5 0.151525 0.142875 0.1351375
1218.0 0.15134 0.1427 0.13496999999999998
1218.5 0.151155 0.14252499999999999 0.1348025
1219.0 0.15097 0.14235 0.13463499999999998
1219.5 0.150785 0.142175 0.1344675
1220.0 0.1506 0.142 0.13429999999999997
1220.5 0.150415 0.141825 0.1341325
1221.0 0.15023 0.14165 0.133965
1221.5 0.150045 0.141475 0.13379749999999999
1222.0 0.14986 0.14129999999999998 0.13363
1222.5 0.149675 0.141125 0.13346249999999998
1223.0 0.14949 0.14095 0.133295
1223.5 0.149305 0.14077499999999998 0.13312749999999998
1224.0 0.14912 0.1406 0.13296
1224.5 0.148935 0.140425 0.13279249999999998
1225.0 0.14875 0.14024999999999999 0.132625
1225.5 0.148565 0.140075 0.13245749999999998
1226.0 0.14838 0.1399 0.13229
1226.5 0.148195 0.139725 0.13212249999999998
1227.0 0.14801 0.13955 0.131955
1227.5 0.147825 0.139375 0.1317875
1228.0 0.14764 0.1392 0.13162
1228.5 0.147455 0.139025 0.1314525
1229.0 0.14727 0.13885 0.13128499999999999
1229.5 0.147085 0.138675 0.1311175
1230.0 0.1469 0.13849999999999998 0.13094999999999998
1230.5 0.146715 0.138325 0.1307825
1231.0 0.14653 0.13815 0.13061499999999998
1231.5 0.146345 0.137975 0.1304475
1232.0 0.14616 0.1378 0.13027999999999998
1232.5 0.145975 0.137625 0.1301125
1233.0 0.14579 0.13745 0.12994499999999998
1233.5 0.145605 0.137275 0.1297775
1234.0 0.14542 0.1371 0.12960999999999998
1234.5 0.145235 0.136925 0.1294425
1235.0 0.14505 0.13674999999999998 0.12927499999999997
1235.5 0.144865 0.136575 0.1291075
1236.0 0.14468 0.1364 0.12894
1236.5 0.144495 0.13622499999999998 0.12877249999999998
1237.0 0.14431 0.13605 0.128605
1237.5 0.144125 0.135875 0.12843749999999998
1238.0 0.14394 0.1357 0.12827
1238.5 0.143755 0.135525 0.12810249999999998
1239.0 0.14357 0.13535 0.127935
1239.5 0.143385 0.135175 0.12776749999999998
1240.0 0.1432 0.135 0.1276
1240.5 0.143015 0.134825 0.12743249999999998
1241.0 0.14283 0.13465 0.127265
1241.5 0.142645 0.13447499999999998 0.12709749999999997
1242.0 0.14246 0.1343 0.12693
1242.5 0.142275 0.134125 0.1267625
1243.0 0.14209 0.13394999999999999 0.12659499999999999
1243.5 0.141905 0.133775 0.1264275
1244.0 0.14172 0.1336 0.12625999999999998
1244.5 0.141535 0.133425 0.1260925
1245.0 0.14135 0.13325 0.12592499999999998
1245.5 0.141165 0.133075 0.1257575
1246.0 0.14098 0.1329 0.12558999999999998
1246.5 0.140795 0.13272499999999998 0.1254225
1247.0 0.14061 0.13255 0.12525499999999998
1247.5 0.140425 0.132375 0.1250875
1248.0 0.14024 0.13219999999999998 0.12491999999999999
1248.5 0.140055 0.132025 0.12475249999999999
1249.0 0.13987 0.13185 0.12458499999999999
1249.5 0.139685 0.131675 0.12441749999999999
1250.0 0.1395 0.1315 0.12424999999999999
1250.5 0.139315 0.131325 0.12408249999999998
1251.0 0.13913 0.13115 0.12391499999999998
1251.5 0.138945 0.130975 0.12374749999999998
1252.0 0.13876 0.1308 0.12358
1252.5 0.138575 0.130625 0.12341249999999998
1253.0 0.13839 0.13045 0.123245
1253.5 0.138205 0.130275 0.12307749999999999
1254.0 0.13802 0.1301 0.12290999999999999
1254.5 0.137835 0.12992499999999998 0.12274249999999999
1255.0 0.13765 0.12975 0.12257499999999999
1255.5 0.137465 0.129575 0.12240749999999999
1256.0 0.13728 0.1294 0.12223999999999999
1256.5 0.137095 0.129225 0.12207249999999999
1257.0 0.13691 0.12905 0.12190499999999999
1257.5 0.136725 0.128875 0.12173749999999998
1258.0 0.13654 0.1287 0.12156999999999998
1258.5 0.136355 0.128525 0.1214025
1259.0 0.13617 0.12835 0.12123499999999998
1259.5 0.135985 0.12817499999999998 0.1210675
1260.0 0.1358 0.128 0.1209
1260.5 0.135615 0.127825 0.12073249999999999
1261.0 0.13543 0.12764999999999999 0.12056499999999999
1261.5 0.135245 0.127475 0.12039749999999999
1262.0 0.13506 0.1273 0.12022999999999999
1262.5 0.134875 0.127125 0.12006249999999999
1263.0 0.13469 0.12695 0.11989499999999999
1263.5 0.134505 0.126775 0.11972749999999999
1264.0 0.13432 0.1266 0.11955999999999999
1264.5 0.134135 0.126425 0.11939249999999998
1265.0 0.13395 0.12625 0.119225
1265.5 0.133765 0.126075 0.11905749999999998
1266.0 0.13358 0.1259 0.11889
1266.5 0.133395 0.125725 0.11872249999999998
1267.0 0.13321 0.12555 0.118555
1267.5 0.133025 0.125375 0.11838749999999999
1268.0 0.13284 0.1252 0.11821999999999999
1268.5 0.132655 0.125025 0.11805249999999999
1269.0 0.13247 0.12485 0.11788499999999999
1269.5 0.132285 0.124675 0.11771749999999999
1270.0 0.1321 0.1245 0.11754999999999999
1270.5 0.131915 0.12432499999999999 0.11738249999999999
1271.0 0.13173 0.12415 0.11721499999999999
1271.5 0.131545 0.123975 0.11704749999999998
1272.0 0.13136 0.1238 0.11687999999999998
1272.5 0.131175 0.123625 0.1167125
1273.0 0.13099 0.12345 0.11654499999999998
1273.5 0.130805 0.123275 0.1163775
1274.0 0.13062 0.1231 0.11621
1274.5 0.130435 0.122925 0.11604249999999999
1275.0 0.13025 0.12275 0.11587499999999999
1275.5 0.13006500000000001 0.12257499999999999 0.11570749999999999
1276.0 0.12988 0.1224 0.11553999999999999
1276.5 0.129695 0.122225 0.11537249999999999
1277.0 0.12951000000000001 0.12204999999999999 0.11520499999999999
1277.5 0.129325 0.121875 0.11503749999999999
1278.0 0.12914 0.1217 0.11486999999999999
1278.5 0.12895500000000001 0.121525 0.11470249999999999
1279.0 0.12877 0.12135 0.114535
1279.5 0.128585 0.121175 0.11436749999999998
1280.0 0.12840000000000001 0.121 0.1142
1280.5 0.128215 0.120825 0.1140325
1281.0 0.12803 0.12065 0.113865
1281.5 0.127845 0.120475 0.11369749999999999
1282.0 0.12766 0.12029999999999999 0.11352999999999999
1282.5 0.127475 0.120125 0.11336249999999999
1283.0 0.12729000000000001 0.11995 0.11319499999999999
1283.5 0.127105 0.11977499999999999 0.11302749999999999
1284.0 0.12692 0.1196 0.11285999999999999
1284.5 0.126735 0.119425 0.11269249999999999
1285.0 0.12655 0.11925 0.11252499999999999
1285.5 0.126365 0.119075 0.11235749999999999
1286.0 0.12618000000000001 0.1189 0.11218999999999998
1286.5 0.125995 0.118725 0.1120225
1287.0 0.12581 0.11855 0.11185499999999998
1287.5 0.125625 0.118375 0.1116875
1288.0 0.12544 0.1182 0.11152
1288.5 0.125255 0.11802499999999999 0.1113525
1289.0 0.12507000000000001 0.11785 0.11118499999999999
1289.5 0.124885 0.117675 0.11101749999999999
1290.0 0.1247 0.1175 0.11084999999999999
1290.5 0.124515 0.117325 0.11068249999999999
1291.0 0.12433 0.11715 0.11051499999999999
1291.5 0.124145 0.116975 0.11034749999999999
1292.0 0.12396 0.1168 0.11017999999999999
1292.5 0.123775 0.116625 0.11001249999999999
1293.0 0.12359 0.11645 0.109845
1293.5 0.123405 0.11627499999999999 0.10967749999999998
1294.0 0.12322 0.11610000000000001 0.10951
1294.5 0.123035 0.115925 0.10934249999999998
1295.0 0.12285 0.11574999999999999 0.109175
1295.5 0.122665 0.115575 0.1090075
1296.0 0.12248 0.1154 0.10883999999999999
1296.5 0.122295 0.115225 0.10867249999999999
1297.0 0.12211 0.11505 0.10850499999999999
1297.5 0.121925 0.114875 0.10833749999999999
1298.0 0.12174 0.1147 0.10816999999999999
1298.5 0.121555 0.114525 0.10800249999999999
1299.0 0.12137 0.11435000000000001 0.10783499999999999
1299.5 0.121185 0.114175 0.1076675
1300.0 0.121 0.11399999999999999 0.10749999999999998
1300.5 0.120815 0.11382500000000001 0.1073325
1301.0 0.12063 0.11365 0.10716499999999998
1301.5 0.120445 0.11347499999999999 0.1069975
1302.0 0.12026 0.1133 0.10682999999999998
1302.5 0.120075 0.113125 0.1066625
1303.0 0.11989 0.11295 0.10649499999999999
1303.5 0.119705 0.112775 0.10632749999999999
1304.0 0.11952 0.1126 0.10615999999999999
1304.5 0.119335 0.112425 0.10599249999999999
1305.0 0.11915 0.11225 0.10582499999999999
1305.5 0.118965 0.11207500000000001 0.10565749999999999
1306.0 0.11878 0.1119 0.10549
1306.5 0.118595 0.11172499999999999 0.10532249999999999
1307.0 0.11841 0.11155 0.105155
1307.5 0.118225 0.111375 0.10498749999999998
1308.0 0.11804 0.1112 0.10482
1308.5 0.117855 0.111025 0.10465249999999998
1309.0 0.11767 0.11085 0.104485
1309.5 0.117485 0.110675 0.1043175
1310.0 0.1173 0.1105 0.10414999999999999
1310.5 0.117115 0.110325 0.10398249999999999
1311.0 0.11693 0.11015 0.10381499999999999
1311.5 0.116745 0.109975 0.10364749999999999
1312.0 0.11656 0.10980000000000001 0.10347999999999999
1312.5 0.116375 0.109625 0.1033125
1313.0 0.11619 0.10944999999999999 0.10314499999999999
1313.5 0.116005 0.109275 0.1029775
1314.0 0.11582 0.1091 0.10280999999999998
1314.5 0.115635 0.108925 0.1026425
1315.0 0.11545 0.10875 0.10247499999999998
1315.5 0.115265 0.108575 0.1023075
1316.0 0.11508 0.1084 0.10214
1316.5 0.114895 0.108225 0.1019725
1317.0 0.11471 0.10805000000000001 0.10180499999999999
1317.5 0.114525 0.107875 0.10163749999999999
1318.0 0.11434 0.10769999999999999 0.10146999999999999
1318.5 0.114155 0.10752500000000001 0.10130249999999999
1319.0 0.11397 0.10735 0.10113499999999999
1319.5 0.113785 0.10717499999999999 0.10096749999999999
1320.0 0.1136 0.107 0.1008
1320.5 0.113415 0.106825 0.10063249999999999
1321.0 0.11323 0.10665 0.100465
1321.5 0.113045 0.106475 0.10029749999999998
1322.0 0.11286 0.1063 0.10013
1322.5 0.112675 0.106125 0.09996249999999998
1323.0 0.11249 0.10595 0.099795
1323.5 0.112305 0.10577500000000001 0.0996275
1324.0 0.11212 0.1056 0.09945999999999999
1324.5 0.111935 0.10542499999999999 0.09929249999999999
1325.0 0.11175 0.10525000000000001 0.09912499999999999
1325.5 0.111565 0.105075 0.09895749999999999
1326.0 0.11138 0.1049 0.09878999999999999
1326.5 0.111195 0.104725 0.0986225
1327.0 0.11101 0.10455 0.09845499999999999
1327.5 0.110825 0.104375 0.0982875
1328.0 0.11064 0.1042 0.09811999999999999
1328.5 0.110455 0.104025 0.0979525
1329.0 0.11027 0.10385 0.09778499999999998
1329.5 0.110085 0.103675 0.0976175
1330.0 0.1099 0.10350000000000001 0.09745
1330.5 0.10971500000000001 0.103325 0.0972825
1331.0 0.10953 0.10314999999999999 0.09711499999999999
1331.5 0.109345 0.10297500000000001 0.09694749999999999
1332.0 0.10916000000000001 0.1028 0.09677999999999999
1332.5 0.108975 0.102625 0.09661249999999999
1333.0 0.10879 0.10245 0.09644499999999999
1333.5 0.10860500000000001 0.102275 0.09627749999999999
1334.0 0.10842 0.1021 0.09611
1334.5 0.108235 0.101925 0.09594249999999999
1335.0 0.10805000000000001 0.10175000000000001 0.095775
1335.5 0.107865 0.101575 0.09560749999999998
1336.0 0.10768 0.1014 0.09544
1336.5 0.10749500000000001 0.10122500000000001 0.09527249999999998
1337.0 0.10731 0.10105 0.095105
1337.5 0.107125 0.10087499999999999 0.0949375
1338.0 0.10694000000000001 0.10070000000000001 0.09477
1338.5 0.106755 0.100525 0.09460249999999999
1339.0 0.10657 0.10035 0.09443499999999999
1339.5 0.10638500000000001 0.100175 0.09426749999999999
1340.0 0.1062 0.1 0.09409999999999999
1340.5 0.106015 0.099825 0.0939325
1341.0 0.10583000000000001 0.09965 0.09376499999999999
1341.5 0.105645 0.09947500000000001 0.0935975
1342.0 0.10546 0.0993 0.09342999999999999
1342.5 0.10527500000000001 0.099125 0.0932625
1343.0 0.10509 0.09895000000000001 0.09309499999999998
1343.5 0.104905 0.098775 0.0929275
1344.0 0.10472000000000001 0.0986 0.09276
1344.5 0.104535 0.098425 0.0925925
1345.0 0.10435 0.09825 0.092425
1345.5 0.10416500000000001 0.098075 0.09225749999999999
1346.0 0.10398 0.0979 0.09208999999999999
1346.5 0.103795 0.097725 0.09192249999999999
1347.0 0.10361000000000001 0.09755 0.09175499999999999
1347.5 0.103425 0.097375 0.09158749999999999
1348.0 0.10324 0.09720000000000001 0.09142
1348.5 0.10305500000000001 0.097025 0.09125249999999999
1349.0 0.10287 0.09685 0.091085
1349.5 0.102685 0.09667500000000001 0.09091749999999998
1350.0 0.10250000000000001 0.0965 0.09075
1350.5 0.102315 0.096325 0.0905825
1351.0 0.10213 0.09615 0.090415
1351.5 0.10194500000000001 0.095975 0.0902475
1352.0 0.10176 0.0958 0.09008
1352.5 0.101575 0.095625 0.08991249999999999
1353.0 0.10139000000000001 0.09545000000000001 0.08974499999999999
1353.5 0.101205 0.095275 0.08957749999999999
1354.0 0.10102 0.0951 0.08940999999999999
1354.5 0.10083500000000001 0.09492500000000001 0.0892425
1355.0 0.10065 0.09475 0.08907499999999999
1355.5 0.100465 0.09457499999999999 0.0889075
1356.0 0.10028000000000001 0.09440000000000001 0.08873999999999999
1356.5 0.100095 0.094225 0.0885725
1357.0 0.09991 0.09405 0.08840499999999998
1357.5 0.09972500000000001 0.093875 0.0882375
1358.0 0.09954 0.0937 0.08807
1358.5 0.099355 0.093525 0.0879025
1359.0 0.09917000000000001 0.09335 0.087735
1359.5 0.098985 0.09317500000000001 0.08756749999999999
1360.0 0.0988 0.093 0.08739999999999999
1360.5 0.09861500000000001 0.092825 0.08723249999999999
1361.0 0.09843 0.09265000000000001 0.087065
1361.5 0.098245 0.092475 0.08689749999999999
1362.0 0.09806000000000001 0.0923 0.08673
1362.5 0.097875 0.09212500000000001 0.08656249999999999
1363.0 0.09769 0.09195 0.086395
1363.5 0.09750500000000001 0.091775 0.08622749999999998
1364.0 0.09732 0.0916 0.08606
1364.5 0.097135 0.091425 0.0858925
1365.0 0.09695000000000001 0.09125 0.085725
1365.5 0.096765 0.091075 0.0855575
1366.0 0.09658 0.09090000000000001 0.08539
1366.5 0.09639500000000001 0.090725 0.08522249999999999
1367.0 0.09621 0.09055 0.08505499999999999
1367.5 0.096025 0.09037500000000001 0.08488749999999999
1368.0 0.09584000000000001 0.0902 0.08471999999999999
1368.5 0.095655 0.090025 0.0845525
1369.0 0.09547 0.08985000000000001 0.08438499999999999
1369.5 0.09528500000000001 0.089675 0.0842175
1370.0 0.0951 0.0895 0.08404999999999999
1370.5 0.094915 0.089325 0.0838825
1371.0 0.09473000000000001 0.08915000000000001 0.08371499999999998
1371.5 0.094545 0.088975 0.0835475
1372.0 0.09436 0.0888 0.08338
1372.5 0.09417500000000001 0.08862500000000001 0.0832125
1373.0 0.09399 0.08845 0.083045
1373.5 0.093805 0.088275 0.08287749999999999
1374.0 0.09362000000000001 0.08810000000000001 0.08270999999999999
1374.5 0.093435 0.087925 0.08254249999999999
1375.0 0.09325 0.08775 0.082375
1375.5 0.09306500000000001 0.08757500000000001 0.08220749999999999
1376.0 0.09288 0.0874 0.08204
1376.5 0.092695 0.087225 0.08187249999999999
1377.0 0.09251000000000001 0.08705 0.081705
1377.5 0.092325 0.08687500000000001 0.08153749999999998
1378.0 0.09214 0.0867 0.08137
1378.5 0.09195500000000001 0.086525 0.0812025
1379.0 0.09177 0.08635000000000001 0.081035
1379.5 0.091585 0.086175 0.0808675
1380.0 0.09140000000000001 0.08600000000000001 0.0807
1380.5 0.091215 0.085825 0.08053249999999999
1381.0 0.09103 0.08565 0.08036499999999999
1381.5 0.09084500000000001 0.08547500000000001 0.08019749999999999
1382.0 0.09066 0.0853 0.08002999999999999
1382.5 0.090475 0.085125 0.0798625
1383.0 0.09029000000000001 0.08495 0.07969499999999999
1383.5 0.090105 0.084775 0.0795275
1384.0 0.08992 0.08460000000000001 0.07935999999999999
1384.5 0.08973500000000001 0.084425 0.0791925
1385.0 0.08955 0.08425 0.07902499999999998
1385.5 0.089365 0.08407500000000001 0.0788575
1386.0 0.08918000000000001 0.0839 0.07869
1386.5 0.088995 0.08372500000000001 0.0785225
1387.0 0.08881 0.08355 0.078355
1387.5 0.08862500000000001 0.083375 0.0781875
1388.0 0.08844 0.08320000000000001 0.07801999999999999
1388.5 0.088255 0.083025 0.07785249999999999
1389.0 0.08807000000000001 0.08285000000000001 0.07768499999999999
1389.5 0.087885 0.082675 0.07751749999999999
1390.0 0.0877 0.0825 0.07734999999999999
1390.5 0.08751500000000001 0.08232500000000001 0.0771825
1391.0 0.08733 0.08215 0.077015
1391.5 0.087145 0.081975 0.0768475
1392.0 0.08696000000000001 0.08180000000000001 0.07668
1392.5 0.086775 0.081625 0.0765125
1393.0 0.08659 0.08145000000000001 0.076345
1393.5 0.086405 0.081275 0.0761775
1394.0 0.08622 0.0811 0.07601
1394.5 0.086035 0.08092500000000001 0.0758425
1395.0 0.08585 0.08075 0.07567499999999999
1395.5 0.085665 0.08057500000000001 0.07550749999999999
1396.0 0.08548 0.0804 0.07533999999999999
1396.5 0.085295 0.080225 0.07517249999999999
1397.0 0.08511 0.08005000000000001 0.07500499999999999
1397.5 0.084925 0.079875 0.0748375
1398.0 0.08474 0.07970000000000001 0.07467
1398.5 0.084555 0.079525 0.0745025
1399.0 0.08437 0.07935 0.074335
1399.5 0.084185 0.07917500000000001 0.0741675
1400.0 0.084 0.079 0.074
1400.5 0.08390750000000001 0.07891 0.0739175
1401.0 0.083815 0.07882 0.073835
1401.5 0.0837225 0.07873 0.0737525
1402.0 0.08363000000000001 0.07864 0.07367
1402.5 0.0835375 0.07855 0.0735875
1403.0 0.083445 0.07846 0.073505
1403.5 0.08335250000000001 0.07837 0.0734225
1404.0 0.08326 0.07828 0.07334
1404.5 0.0831675 0.07819 0.0732575
1405.0 0.08307500000000001 0.0781 0.07317499999999999
1405.5 0.0829825 0.07801 0.07309249999999999
1406.0 0.08289 0.07792 0.07300999999999999
1406.5 0.08279750000000001 0.07783 0.07292749999999999
1407.0 0.082705 0.07774 0.072845
1407.5 0.0826125 0.07765 0.0727625
1408.0 0.08252000000000001 0.07756 0.07268
1408.5 0.0824275 0.07747 0.0725975
1409.0 0.082335 0.07738 0.072515
1409.5 0.08224250000000001 0.07729 0.0724325
1410.0 0.08215 0.0772 0.07235
1410.5 0.0820575 0.07711 0.0722675
1411.0 0.08196500000000001 0.07702 0.072185
1411.5 0.0818725 0.07693 0.0721025
1412.0 0.08178 0.07684 0.07202
1412.5 0.08168750000000001 0.07675 0.0719375
1413.0 0.081595 0.07666 0.071855
1413.5 0.0815025 0.07657 0.0717725
1414.0 0.08141000000000001 0.07648 0.07169
1414.5 0.0813175 0.07639 0.07160749999999999
1415.0 0.081225 0.0763 0.07152499999999999
1415.5 0.08113250000000001 0.07621 0.07144249999999999
1416.0 0.08104 0.07612000000000001 0.07135999999999999
1416.5 0.0809475 0.07603 0.0712775
1417.0 0.08085500000000001 0.07594000000000001 0.071195
1417.5 0.0807625 0.07585 0.0711125
1418.0 0.08067 0.07576 0.07103
1418.5 0.08057750000000001 0.07567 0.0709475
1419.0 0.080485 0.07558 0.070865
1419.5 0.0803925 0.07549 0.0707825
1420.0 0.08030000000000001 0.0754 0.0707
1420.5 0.0802075 0.07531 0.0706175
1421.0 0.080115 0.07522 0.070535
1421.5 0.08002250000000001 0.07513 0.0704525
1422.0 0.07993 0.07504 0.07037
1422.5 0.0798375 0.07495 0.0702875
1423.0 0.07974500000000001 0.07486 0.070205
1423.5 0.0796525 0.07477 0.07012249999999999
1424.0 0.07956 0.07468 0.07003999999999999
1424.5 0.07946750000000001 0.07459 0.06995749999999999
1425.0 0.079375 0.0745 0.06987499999999999
1425.5 0.0792825 0.07441 0.0697925
1426.0 0.07919000000000001 0.07432 0.06971
1426.5 0.0790975 0.07423 0.0696275
1427.0 0.079005 0.07414 0.069545
1427.5 0.07891250000000001 0.07405 0.0694625
1428.0 0.07882 0.07396 0.06938
1428.5 0.0787275 0.07387 0.0692975
1429.0 0.07863500000000001 0.07378 0.069215
1429.5 0.0785425 0.07369 0.0691325
1430.0 0.07845 0.0736 0.06905
1430.5 0.07835750000000001 0.07351 0.0689675
1431.0 0.078265 0.07342 0.068885
1431.5 0.0781725 0.07333 0.0688025
1432.0 0.07808000000000001 0.07324 0.06872
1432.5 0.0779875 0.07315 0.06863749999999999
1433.0 0.077895 0.07306 0.06855499999999999
1433.5 0.07780250000000001 0.07297000000000001 0.06847249999999999
1434.0 0.07771 0.07288 0.06838999999999999
1434.5 0.0776175 0.07279 0.0683075
1435.0 0.07752500000000001 0.0727 0.068225
1435.5 0.0774325 0.07261 0.0681425
1436.0 0.07734 0.07252 0.06806
1436.5 0.07724750000000001 0.07243 0.0679775
1437.0 0.077155 0.07234 0.067895
1437.5 0.0770625 0.07225 0.0678125
1438.0 0.07697000000000001 0.07216 0.06773
1438.5 0.0768775 0.07207 0.0676475
1439.0 0.076785 0.07198 0.067565
1439.5 0.07669250000000001 0.07189 0.0674825
1440.0 0.0766 0.0718 0.0674
1440.5 0.0765075 0.07171 0.0673175
1441.0 0.07641500000000001 0.07162 0.067235
1441.5 0.0763225 0.07153 0.0671525
1442.0 0.07623 0.07144 0.06706999999999999
1442.5 0.0761375 0.07135 0.06698749999999999
1443.0 0.076045 0.07126 0.06690499999999999
1443.5 0.0759525 0.07117 0.06682249999999999
1444.0 0.07586000000000001 0.07108 0.06674
1444.5 0.0757675 0.07099 0.0666575
1445.0 0.075675 0.0709 0.066575
1445.5 0.0755825 0.07081 0.0664925
1446.0 0.07549 0.07072 0.06641
1446.5 0.0753975 0.07063 0.0663275
1447.0 0.07530500000000001 0.07054 0.066245
1447.5 0.0752125 0.07045 0.0661625
1448.0 0.07512 0.07036 0.06608
1448.5 0.0750275 0.07027 0.0659975
1449.0 0.074935 0.07018 0.065915
1449.5 0.0748425 0.07009 0.0658325
1450.0 0.07475000000000001 0.07 0.06575
1450.5 0.0746575 0.06991 0.0656675
1451.0 0.074565 0.06982 0.065585
1451.5 0.0744725 0.06973 0.06550249999999999
1452.0 0.07438 0.06964000000000001 0.06541999999999999
1452.5 0.0742875 0.06955 0.06533749999999999
1453.0 0.07419500000000001 0.06946 0.065255
1453.5 0.0741025 0.06937 0.0651725
1454.0 0.07401 0.06928 0.06509
1454.5 0.0739175 0.06919 0.0650075
1455.0 0.073825 0.0691 0.064925
1455.5 0.0737325 0.06901 0.0648425
1456.0 0.07364000000000001 0.06892 0.06476
1456.5 0.0735475 0.06883 0.0646775
1457.0 0.073455 0.06874 0.064595
1457.5 0.0733625 0.06865 0.0645125
1458.0 0.07327 0.06856 0.06443
1458.5 0.0731775 0.06847 0.0643475
1459.0 0.07308500000000001 0.06838 0.064265
1459.5 0.0729925 0.06829 0.0641825
1460.0 0.0729 0.0682 0.06409999999999999
1460.5 0.0728075 0.06811 0.0640175
1461.0 0.072715 0.06802 0.06393499999999999
1461.5 0.0726225 0.06793 0.06385249999999999
1462.0 0.07253000000000001 0.06784 0.06377
1462.5 0.0724375 0.06775 0.0636875
1463.0 0.072345 0.06766 0.063605
1463.5 0.0722525 0.06757 0.0635225
1464.0 0.07216 0.06748 0.06344
1464.5 0.0720675 0.06739 0.0633575
1465.0 0.07197500000000001 0.0673 0.063275
1465.5 0.0718825 0.06721 0.0631925
1466.0 0.07179 0.06712 0.06311
1466.5 0.0716975 0.06703 0.0630275
1467.0 0.071605 0.06694 0.062945
1467.5 0.0715125 0.06684999999999999 0.0628625
1468.0 0.07142000000000001 0.06676 0.06278
1468.5 0.0713275 0.06667000000000001 0.0626975
1469.0 0.071235 0.06658 0.062615
1469.5 0.0711425 0.06649 0.06253249999999999
1470.0 0.07105 0.0664 0.06245
1470.5 0.0709575 0.06631 0.0623675
1471.0 0.070865 0.06622 0.062285
1471.5 0.0707725 0.06613 0.0622025
1472.0 0.07068 0.06604 0.062119999999999995
1472.5 0.0705875 0.06595 0.062037499999999995
1473.0 0.070495 0.06586 0.061954999999999996
1473.5 0.0704025 0.06577 0.0618725
1474.0 0.07031 0.06568 0.06179
1474.5 0.0702175 0.06559 0.0617075
1475.0 0.070125 0.0655 0.061625
1475.5 0.0700325 0.06541 0.0615425
1476.0 0.06994 0.06532 0.06146
1476.5 0.0698475 0.06523 0.0613775
1477.0 0.069755 0.06514 0.061295
1477.5 0.0696625 0.06505 0.061212499999999996
1478.0 0.06957 0.06496 0.06113
1478.5 0.0694775 0.06487 0.0610475
1479.0 0.069385 0.06478 0.060965
1479.5 0.0692925 0.06469 0.0608825
1480.0 0.0692 0.0646 0.0608
1480.5 0.0691075 0.06451 0.0607175
1481.0 0.069015 0.06442 0.060634999999999994
1481.5 0.0689225 0.06433 0.060552499999999995
1482.0 0.06883 0.06424 0.060469999999999996
1482.5 0.0687375 0.06415 0.0603875
1483.0 0.068645 0.06406 0.060305
1483.5 0.0685525 0.06397 0.0602225
1484.0 0.06846000000000001 0.06387999999999999 0.06014
1484.5 0.0683675 0.06379 0.0600575
1485.0 0.068275 0.0637 0.059975
1485.5 0.06818250000000001 0.06361 0.0598925
1486.0 0.06809000000000001 0.06352 0.05981
1486.5 0.0679975 0.06343 0.0597275
1487.0 0.06790500000000001 0.06334000000000001 0.059645
1487.5 0.0678125 0.06325 0.0595625
1488.0 0.06772 0.06316 0.05948
1488.5 0.06762750000000001 0.06307 0.0593975
1489.0 0.06753500000000001 0.06298000000000001 0.059315
1489.5 0.0674425 0.06289 0.0592325
1490.0 0.06735000000000001 0.0628 0.05915
1490.5 0.0672575 0.06271 0.059067499999999995
1491.0 0.067165 0.06262 0.058984999999999996
1491.5 0.06707250000000001 0.06253 0.058902499999999997
1492.0 0.06698 0.062439999999999996 0.05882
1492.5 0.0668875 0.06235 0.0587375
1493.0 0.06679500000000001 0.062259999999999996 0.058655
1493.5 0.0667025 0.06217 0.0585725
1494.0 0.06661 0.062079999999999996 0.05849
1494.5 0.06651750000000001 0.06199 0.0584075
1495.0 0.066425 0.0619 0.058325
1495.5 0.0663325 0.061810000000000004 0.0582425
1496.0 0.06624000000000001 0.06172 0.05816
1496.5 0.0661475 0.061630000000000004 0.058077500000000004
1497.0 0.066055 0.06154 0.057995
1497.5 0.06596250000000001 0.061450000000000005 0.0579125
1498.0 0.06587 0.06136 0.05783
1498.5 0.0657775 0.06127 0.0577475
1499.0 0.06568500000000001 0.06118 0.057664999999999994
1499.5 0.0655925 0.06109 0.057582499999999995
1500.0 0.0655 0.061 0.057499999999999996
1500.5 0.06540750000000001 0.06091 0.057417499999999996
1501.0 0.065315 0.06082 0.057335
1501.5 0.0652225 0.06073 0.0572525
1502.0 0.06513000000000001 0.06064 0.05717
1502.5 0.0650375 0.06055 0.0570875
1503.0 0.064945 0.06046 0.057005
1503.5 0.06485250000000001 0.06037 0.0569225
1504.0 0.06476 0.06028 0.05684
1504.5 0.0646675 0.06019 0.0567575
1505.0 0.06457500000000001 0.0601 0.056675
1505.5 0.0644825 0.06001 0.056592500000000004
1506.0 0.06439 0.05992 0.05651
1506.5 0.06429750000000001 0.05983 0.0564275
1507.0 0.064205 0.05974 0.056345
1507.5 0.0641125 0.059649999999999995 0.0562625
1508.0 0.06402000000000001 0.05956 0.05618
1508.5 0.0639275 0.059469999999999995 0.056097499999999995
1509.0 0.063835 0.05938 0.056014999999999995
1509.5 0.06374250000000001 0.059289999999999995 0.055932499999999996
1510.0 0.06365 0.0592 0.05585
1510.5 0.0635575 0.059109999999999996 0.0557675
1511.0 0.06346500000000001 0.05902 0.055685
1511.5 0.0633725 0.058929999999999996 0.0556025
1512.0 0.06328 0.05884 0.05552
1512.5 0.06318750000000001 0.05875 0.0554375
1513.0 0.063095 0.058660000000000004 0.055355
1513.5 0.0630025 0.05857 0.0552725
1514.0 0.06291000000000001 0.058480000000000004 0.05519
1514.5 0.0628175 0.05839 0.055107500000000004
1515.0 0.062725 0.058300000000000005 0.055025000000000004
1515.5 0.06263250000000001 0.05821 0.0549425
1516.0 0.06254 0.05812 0.05486
1516.5 0.0624475 0.05803 0.0547775
1517.0 0.062355 0.05794 0.054695
1517.5 0.0622625 0.05785 0.0546125
1518.0 0.06217 0.05776 0.054529999999999995
1518.5 0.0620775 0.05767 0.054447499999999996
1519.0 0.061985 0.05758 0.054365
1519.5 0.0618925 0.05749 0.0542825
1520.0 0.0618 0.0574 0.0542
1520.5 0.0617075 0.05731 0.0541175
1521.0 0.061615 0.05722 0.054035
1521.5 0.0615225 0.05713 0.0539525
1522.0 0.06143 0.05704 0.05387
1522.5 0.0613375 0.05695 0.0537875
1523.0 0.061245 0.05686 0.053705
1523.5 0.0611525 0.05677 0.053622500000000003
1524.0 0.06106 0.056679999999999994 0.053540000000000004
1524.5 0.0609675 0.05659 0.053457500000000005
1525.0 0.060875 0.056499999999999995 0.053375
1525.5 0.0607825 0.05641 0.0532925
1526.0 0.06069 0.056319999999999995 0.05321
1526.5 0.0605975 0.05623 0.0531275
1527.0 0.060505 0.056139999999999995 0.053044999999999995
1527.5 0.0604125 0.05605 0.052962499999999996
1528.0 0.06032 0.055959999999999996 0.052879999999999996
1528.5 0.0602275 0.05587 0.0527975
1529.0 0.060135 0.055779999999999996 0.052715
1529.5 0.0600425 0.05569 0.0526325
1530.0 0.05995 0.0556 0.05255
1530.5 0.0598575 0.055510000000000004 0.0524675
1531.0 0.059765 0.05542 0.052385
1531.5 0.0596725 0.055330000000000004 0.0523025
1532.0 0.05958 0.05524 0.05222
1532.5 0.0594875 0.05515 0.0521375
1533.0 0.059395 0.05506 0.052055000000000004
1533.5 0.0593025 0.05497 0.051972500000000005
1534.0 0.05921 0.05488 0.05189
1534.5 0.0591175 0.05479 0.0518075
1535.0 0.059025 0.0547 0.051725
1535.5 0.0589325 0.05461 0.0516425
1536.0 0.05884 0.05452 0.05156
1536.5 0.0587475 0.05443 0.051477499999999995
1537.0 0.058655 0.05434 0.051394999999999996
1537.5 0.0585625 0.05425 0.0513125
1538.0 0.05847 0.05416 0.05123
1538.5 0.0583775 0.05407 0.0511475
1539.0 0.058285000000000003 0.05398 0.051065
1539.5 0.0581925 0.05389 0.0509825
1540.0 0.0581 0.0538 0.0509
1540.5 0.058007500000000004 0.05371 0.0508175
1541.0 0.057915 0.05362 0.050735
1541.5 0.0578225 0.053529999999999994 0.0506525
1542.0 0.057730000000000004 0.05344 0.050570000000000004
1542.5 0.0576375 0.053349999999999995 0.050487500000000005
1543.0 0.057545 0.05326 0.050405000000000005
1543.5 0.057452500000000004 0.053169999999999995 0.0503225
1544.0 0.05736 0.05308 0.05024
1544.5 0.0572675 0.052989999999999995 0.0501575
1545.0 0.057175000000000004 0.0529 0.050075
1545.5 0.0570825 0.052809999999999996 0.049992499999999995
1546.0 0.05699 0.05272 0.049909999999999996
1546.5 0.056897500000000004 0.052629999999999996 0.0498275
1547.0 0.056805 0.05254 0.049745
1547.5 0.0567125 0.05245 0.0496625
1548.0 0.056620000000000004 0.052360000000000004 0.04958
1548.5 0.0565275 0.05227 0.0494975
1549.0 0.056435 0.052180000000000004 0.049415
1549.5 0.056342500000000004 0.05209 0.0493325
1550.0 0.05625 0.052 0.04925
1550.5 0.0561575 0.05191 0.0491675
1551.0 0.056065000000000004 0.05182 0.049085000000000004
1551.5 0.0559725 0.05173 0.049002500000000004
1552.0 0.05588 0.05164 0.048920000000000005
1552.5 0.055787500000000004 0.05155 0.0488375
1553.0 0.055695 0.05146 0.048755
1553.5 0.0556025 0.05137 0.0486725
1554.0 0.055510000000000004 0.05128 0.04859
1554.5 0.0554175 0.05119 0.0485075
1555.0 0.055325 0.0511 0.048424999999999996
1555.5 0.055232500000000004 0.05101 0.0483425
1556.0 0.05514 0.05092 0.04826
1556.5 0.0550475 0.05083 0.0481775
1557.0 0.054955000000000004 0.05074 0.048095
1557.5 0.0548625 0.05065 0.0480125
1558.0 0.05477 0.050559999999999994 0.04793
1558.5 0.054677500000000004 0.05047 0.0478475
1559.0 0.054585 0.050379999999999994 0.047765
1559.5 0.0544925 0.05029 0.0476825
1560.0 0.054400000000000004 0.050199999999999995 0.0476
1560.5 0.0543075 0.05011 0.047517500000000004
1561.0 0.054215 0.050019999999999995 0.047435000000000005
1561.5 0.054122500000000004 0.04993 0.047352500000000006
1562.0 0.05403 0.049839999999999995 0.04727
1562.5 0.0539375 0.04975 0.0471875
1563.0 0.053845000000000004 0.049659999999999996 0.047105
1563.5 0.0537525 0.04957 0.0470225
1564.0 0.05366 0.049479999999999996 0.04694
1564.5 0.053567500000000004 0.04939 0.046857499999999996
1565.0 0.053475 0.0493 0.046775
1565.5 0.0533825 0.049210000000000004 0.0466925
1566.0 0.053290000000000004 0.04912 0.04661
1566.5 0.0531975 0.04903 0.0465275
1567.0 0.053105 0.04894 0.046445
1567.5 0.053012500000000004 0.04885 0.0463625
1568.0 0.05292 0.04876 0.04628
1568.5 0.0528275 0.04867 0.0461975
1569.0 0.052735000000000004 0.04858 0.046115
1569.5 0.0526425 0.04849 0.046032500000000004
1570.0 0.05255 0.0484 0.045950000000000005
1570.5 0.052457500000000004 0.04831 0.045867500000000005
1571.0 0.052365 0.04822 0.045785000000000006
1571.5 0.0522725 0.04813 0.0457025
1572.0 0.052180000000000004 0.04804 0.04562
1572.5 0.0520875 0.04795 0.0455375
1573.0 0.051995 0.04786 0.045455
1573.5 0.051902500000000004 0.04777 0.045372499999999996
1574.0 0.05181 0.04768 0.04529
1574.5 0.0517175 0.04759 0.0452075
1575.0 0.051625000000000004 0.0475 0.045125
1575.5 0.0515325 0.04741 0.0450425
1576.0 0.05144 0.04732 0.04496
1576.5 0.051347500000000004 0.04723 0.0448775
1577.0 0.051255 0.04714 0.044795
1577.5 0.0511625 0.04705 0.0447125
1578.0 0.051070000000000004 0.04696 0.04463
1578.5 0.0509775 0.04687 0.044547500000000004
1579.0 0.050885 0.04678 0.044465000000000005
1579.5 0.0507925 0.046689999999999995 0.044382500000000005
1580.0 0.0507 0.046599999999999996 0.044300000000000006
1580.5 0.0506075 0.046509999999999996 0.0442175
1581.0 0.050515 0.046419999999999996 0.044135
1581.5 0.0504225 0.046329999999999996 0.0440525
1582.0 0.05033 0.046239999999999996 0.04397
1582.5 0.0502375 0.04615 0.0438875
1583.0 0.050145 0.04606 0.043805
1583.5 0.0500525 0.04597 0.0437225
1584.0 0.04996 0.04588 0.04364
1584.5 0.0498675 0.04579 0.0435575
1585.0 0.049775 0.0457 0.043475
1585.5 0.0496825 0.04561 0.0433925
1586.0 0.04959 0.04552 0.04331
1586.5 0.0494975 0.04543 0.0432275
1587.0 0.049405 0.04534 0.043145
1587.5 0.0493125 0.04525 0.043062500000000004
1588.0 0.04922 0.04516 0.042980000000000004
1588.5 0.0491275 0.04507 0.042897500000000005
1589.0 0.049035 0.04498 0.042815000000000006
1589.5 0.0489425 0.04489 0.0427325
1590.0 0.04885 0.0448 0.04265
1590.5 0.0487575 0.04471 0.0425675
1591.0 0.048665 0.04462 0.042485
1591.5 0.0485725 0.04453 0.0424025
1592.0 0.04848 0.04444 0.04232
1592.5 0.0483875 0.04435 0.042237500000000004
1593.0 0.048295 0.04426 0.042155000000000005
1593.5 0.0482025 0.04417 0.0420725
1594.0 0.04811 0.04408 0.04199
1594.5 0.0480175 0.04399 0.0419075
1595.0 0.047925 0.0439 0.041825
1595.5 0.0478325 0.04381 0.0417425
1596.0 0.04774 0.04372 0.04166
1596.5 0.0476475 0.043629999999999995 0.0415775
1597.0 0.047555 0.043539999999999995 0.041495000000000004
1597.5 0.0474625 0.043449999999999996 0.041412500000000005
1598.0 0.04737 0.043359999999999996 0.04133
1598.5 0.0472775 0.043269999999999996 0.0412475
1599.0 0.047185 0.043179999999999996 0.041165
1599.5 0.0470925 0.043089999999999996 0.0410825
1600.0 0.047 0.043 0.041
